nyx7015
2018-07-15 14:12:23.818835: W tensorflow/core/platform/cpu_feature_guard.cc:45] The TensorFlow library wasn't compiled to use SSE4.1 instructions, but these are available on your machine and could speed up CPU computations.
2018-07-15 14:12:23.818924: W tensorflow/core/platform/cpu_feature_guard.cc:45] The TensorFlow library wasn't compiled to use SSE4.2 instructions, but these are available on your machine and could speed up CPU computations.
2018-07-15 14:12:23.818936: W tensorflow/core/platform/cpu_feature_guard.cc:45] The TensorFlow library wasn't compiled to use AVX instructions, but these are available on your machine and could speed up CPU computations.
2018-07-15 14:12:23.818945: W tensorflow/core/platform/cpu_feature_guard.cc:45] The TensorFlow library wasn't compiled to use AVX2 instructions, but these are available on your machine and could speed up CPU computations.
2018-07-15 14:12:23.818955: W tensorflow/core/platform/cpu_feature_guard.cc:45] The TensorFlow library wasn't compiled to use FMA instructions, but these are available on your machine and could speed up CPU computations.
MNIST classification starts: 2.9489
best model trained: 9.5307
test done: 0.0135
Normalized confusion matrix
[[0.72413793 0.         0.         0.         0.         0.03448276
  0.06896552 0.17241379 0.         0.        ]
 [0.         0.93478261 0.         0.         0.         0.06521739
  0.         0.         0.         0.        ]
 [0.02631579 0.23684211 0.31578947 0.02631579 0.13157895 0.02631579
  0.10526316 0.13157895 0.         0.        ]
 [0.07142857 0.35714286 0.03571429 0.07142857 0.10714286 0.17857143
  0.         0.17857143 0.         0.        ]
 [0.07317073 0.07317073 0.02439024 0.02439024 0.3902439  0.09756098
  0.07317073 0.02439024 0.14634146 0.07317073]
 [0.12903226 0.03225806 0.         0.         0.         0.51612903
  0.03225806 0.22580645 0.03225806 0.03225806]
 [0.08       0.08       0.24       0.         0.04       0.04
  0.4        0.12       0.         0.        ]
 [0.02702703 0.18918919 0.10810811 0.         0.05405405 0.
  0.05405405 0.40540541 0.02702703 0.13513514]
 [0.         0.0952381  0.         0.         0.         0.23809524
  0.         0.04761905 0.57142857 0.04761905]
 [0.10810811 0.05405405 0.02702703 0.02702703 0.10810811 0.05405405
  0.10810811 0.27027027 0.16216216 0.08108108]]

    score:0.4505
    sparsity:0.4725
    train_time:9.5307
    test_time:0.0135
Session is closed.
MNIST classification starts: 13.6065
best model trained: 7.0703
test done: 0.0407
Normalized confusion matrix
[[0.77714286 0.00571429 0.08       0.02285714 0.02285714 0.02285714
  0.04       0.         0.01142857 0.01714286]
 [0.         0.97435897 0.00854701 0.00854701 0.00854701 0.
  0.         0.         0.         0.        ]
 [0.02739726 0.0456621  0.71689498 0.05022831 0.00913242 0.00913242
  0.05479452 0.01369863 0.07305936 0.        ]
 [0.00483092 0.0531401  0.04347826 0.71980676 0.01449275 0.02415459
  0.00483092 0.09178744 0.04347826 0.        ]
 [0.02764977 0.07834101 0.02764977 0.00921659 0.69585253 0.00921659
  0.03686636 0.02764977 0.02304147 0.06451613]
 [0.03351955 0.01675978 0.04469274 0.24022346 0.03910615 0.36312849
  0.03910615 0.05586592 0.15083799 0.01675978]
 [0.0505618  0.04494382 0.13483146 0.         0.05617978 0.04494382
  0.61797753 0.01685393 0.02808989 0.00561798]
 [0.00487805 0.12195122 0.0097561  0.         0.04390244 0.0097561
  0.0097561  0.74634146 0.00487805 0.04878049]
 [0.01041667 0.13541667 0.08333333 0.14583333 0.03645833 0.03125
  0.02604167 0.046875   0.453125   0.03125   ]
 [0.01030928 0.04639175 0.05670103 0.03092784 0.18556701 0.
  0.02061856 0.12371134 0.02061856 0.50515464]]

    score:0.6670
    sparsity:0.5028
    train_time:7.0703
    test_time:0.0407
Session is closed.
MNIST classification starts: 21.5578
best model trained: 13.0630
test done: 0.0763
Normalized confusion matrix
[[0.87240356 0.00296736 0.02077151 0.00296736 0.00296736 0.02077151
  0.05341246 0.         0.02373887 0.        ]
 [0.         0.95192308 0.00480769 0.         0.00480769 0.01923077
  0.00721154 0.         0.01201923 0.        ]
 [0.02617801 0.03926702 0.72513089 0.03403141 0.0078534  0.0052356
  0.04712042 0.05235602 0.05497382 0.0078534 ]
 [0.00265252 0.02387268 0.0397878  0.75596817 0.0132626  0.04774536
  0.01061008 0.02917772 0.04244032 0.03448276]
 [0.00767263 0.01278772 0.00511509 0.00511509 0.79283887 0.
  0.03069054 0.03580563 0.01023018 0.09974425]
 [0.0504451  0.00593472 0.00890208 0.10682493 0.03264095 0.61424332
  0.02670623 0.03264095 0.08902077 0.03264095]
 [0.03768116 0.02318841 0.02898551 0.00289855 0.02608696 0.02028986
  0.82028986 0.0057971  0.03188406 0.00289855]
 [0.01298701 0.05194805 0.01038961 0.01298701 0.04675325 0.01298701
  0.00779221 0.73506494 0.01818182 0.09090909]
 [0.02857143 0.04571429 0.02857143 0.04       0.04       0.04571429
  0.02       0.01428571 0.68285714 0.05428571]
 [0.02312139 0.02601156 0.00578035 0.01156069 0.10404624 0.00867052
  0.00867052 0.06647399 0.02312139 0.72254335]]

    score:0.7703
    sparsity:0.5013
    train_time:13.0630
    test_time:0.0763
Session is closed.
MNIST classification starts: 35.5703
best model trained: 19.7069
test done: 0.1179
Normalized confusion matrix
[[0.90725806 0.         0.0141129  0.00403226 0.00604839 0.02016129
  0.01814516 0.00806452 0.0141129  0.00806452]
 [0.         0.96393443 0.00327869 0.00819672 0.00327869 0.00163934
  0.00491803 0.00163934 0.00819672 0.00491803]
 [0.02325581 0.03756708 0.68157424 0.08765653 0.019678   0.00357782
  0.03398927 0.05008945 0.05545617 0.00715564]
 [0.00750469 0.01876173 0.03752345 0.80863039 0.00375235 0.04502814
  0.00938086 0.03189493 0.02251407 0.01500938]
 [0.00746269 0.01679104 0.01865672 0.00186567 0.8358209  0.00186567
  0.0261194  0.01119403 0.00932836 0.07089552]
 [0.02697095 0.02074689 0.01244813 0.09543568 0.04356846 0.56639004
  0.02074689 0.02904564 0.1120332  0.07261411]
 [0.03030303 0.02424242 0.06464646 0.         0.04848485 0.04040404
  0.75555556 0.00606061 0.02828283 0.0020202 ]
 [0.0018315  0.05128205 0.02014652 0.02930403 0.03479853 0.00915751
  0.00915751 0.76373626 0.01831502 0.06227106]
 [0.02115385 0.05769231 0.01153846 0.05       0.03461538 0.04615385
  0.01153846 0.01153846 0.70192308 0.05384615]
 [0.00899281 0.01618705 0.00899281 0.02338129 0.08633094 0.00719424
  0.00179856 0.04676259 0.01438849 0.78597122]]

    score:0.7808
    sparsity:0.5022
    train_time:19.7069
    test_time:0.1179
Session is closed.
MNIST classification starts: 56.2869
best model trained: 26.1858
test done: 0.1409
Normalized confusion matrix
[[0.93303571 0.0014881  0.00595238 0.00297619 0.0014881  0.02083333
  0.01934524 0.         0.01339286 0.0014881 ]
 [0.         0.96981132 0.00125786 0.00251572 0.         0.00125786
  0.00503145 0.00251572 0.0163522  0.00125786]
 [0.01646091 0.0260631  0.75720165 0.03840878 0.01371742 0.00274348
  0.03292181 0.03017833 0.07681756 0.00548697]
 [0.00569801 0.01424501 0.02279202 0.8005698  0.002849   0.04415954
  0.01566952 0.01994302 0.05698006 0.01709402]
 [0.00285714 0.01142857 0.01571429 0.00428571 0.77571429 0.01
  0.02571429 0.01857143 0.01142857 0.12428571]
 [0.01895735 0.01895735 0.00789889 0.0600316  0.01421801 0.73459716
  0.02685624 0.01421801 0.07740916 0.02685624]
 [0.03658537 0.0152439  0.01676829 0.         0.02134146 0.03506098
  0.83993902 0.01981707 0.0152439  0.        ]
 [0.00280899 0.03230337 0.01685393 0.01123596 0.0238764  0.00561798
  0.00280899 0.83005618 0.00842697 0.06601124]
 [0.01612903 0.02492669 0.02052786 0.04692082 0.02639296 0.02639296
  0.01173021 0.02785924 0.76392962 0.03519062]
 [0.00973574 0.01390821 0.0069541  0.01390821 0.05980529 0.00834492
  0.00139082 0.0403338  0.02364395 0.82197497]]

    score:0.8249
    sparsity:0.4978
    train_time:26.1858
    test_time:0.1409
Session is closed.
MNIST classification starts: 83.6919
best model trained: 33.5308
test done: 0.2037
Normalized confusion matrix
[[0.94075829 0.         0.00829384 0.007109   0.0035545  0.01303318
  0.01540284 0.00118483 0.01066351 0.        ]
 [0.         0.95616718 0.0030581  0.00407747 0.00815494 0.00509684
  0.00407747 0.         0.01936799 0.        ]
 [0.01442841 0.01775805 0.80022198 0.04550499 0.01331853 0.00665927
  0.03107658 0.02330744 0.04328524 0.00443951]
 [0.01261468 0.01146789 0.0309633  0.82454128 0.00114679 0.04243119
  0.0103211  0.02408257 0.03440367 0.00802752]
 [0.00116686 0.01866978 0.01050175 0.00233372 0.90665111 0.00700117
  0.01516919 0.00233372 0.00933489 0.02683781]
 [0.02313625 0.01156812 0.01156812 0.05526992 0.0437018  0.76092545
  0.02056555 0.01542416 0.04241645 0.01542416]
 [0.02065614 0.0109356  0.0255164  0.00850547 0.03159174 0.0218712
  0.86877278 0.0036452  0.00850547 0.        ]
 [0.00340522 0.03859251 0.02043133 0.01135074 0.03632236 0.00227015
  0.00227015 0.82179342 0.01135074 0.05221339]
 [0.01180638 0.02007084 0.01416765 0.04250295 0.03305785 0.04250295
  0.01062574 0.02125148 0.78512397 0.0188902 ]
 [0.01473923 0.0170068  0.00907029 0.01020408 0.11111111 0.01360544
  0.00113379 0.03401361 0.01587302 0.77324263]]

    score:0.8455
    sparsity:0.5039
    train_time:33.5308
    test_time:0.2037
Session is closed.
MNIST classification starts: 118.3348
best model trained: 39.7421
test done: 0.2446
Normalized confusion matrix
[[9.39795918e-01 0.00000000e+00 7.14285714e-03 4.08163265e-03
  2.04081633e-03 1.83673469e-02 1.53061224e-02 4.08163265e-03
  8.16326531e-03 1.02040816e-03]
 [0.00000000e+00 9.53303965e-01 1.76211454e-03 7.92951542e-03
  0.00000000e+00 4.40528634e-03 3.52422907e-03 8.81057269e-04
  2.81938326e-02 0.00000000e+00]
 [1.74418605e-02 1.25968992e-02 8.04263566e-01 4.55426357e-02
  1.64728682e-02 8.72093023e-03 1.35658915e-02 2.13178295e-02
  5.52325581e-02 4.84496124e-03]
 [2.97029703e-03 8.91089109e-03 1.98019802e-02 8.56435644e-01
  1.98019802e-03 4.05940594e-02 2.97029703e-03 1.78217822e-02
  4.05940594e-02 7.92079208e-03]
 [2.03665988e-03 7.12830957e-03 1.42566191e-02 5.09164969e-03
  8.84928717e-01 3.05498982e-03 9.16496945e-03 3.05498982e-03
  1.73116090e-02 5.39714868e-02]
 [2.24215247e-02 5.60538117e-03 1.00896861e-02 6.05381166e-02
  2.35426009e-02 7.74663677e-01 1.56950673e-02 2.24215247e-02
  5.71748879e-02 7.84753363e-03]
 [1.77453027e-02 6.26304802e-03 2.50521921e-02 4.17536534e-03
  2.29645094e-02 2.19206681e-02 8.88308977e-01 1.04384134e-03
  1.04384134e-02 2.08768267e-03]
 [1.94552529e-03 2.23735409e-02 2.04280156e-02 8.75486381e-03
  1.45914397e-02 1.07003891e-02 4.86381323e-03 8.58949416e-01
  1.26459144e-02 4.47470817e-02]
 [1.12936345e-02 8.21355236e-03 9.24024641e-03 3.38809035e-02
  1.64271047e-02 2.66940452e-02 1.02669405e-02 2.05338809e-02
  8.47022587e-01 1.64271047e-02]
 [7.92864222e-03 6.93756194e-03 4.95540139e-03 1.38751239e-02
  8.52329039e-02 1.78394450e-02 9.91080278e-04 4.06342914e-02
  1.48662042e-02 8.06739346e-01]]

    score:0.8631
    sparsity:0.4988
    train_time:39.7421
    test_time:0.2446
Session is closed.
MNIST classification starts: 159.2389
best model trained: 47.0430
test done: 0.2324
Normalized confusion matrix
[[9.35714286e-01 0.00000000e+00 1.02040816e-02 5.10204082e-03
  4.08163265e-03 2.65306122e-02 1.12244898e-02 2.04081633e-03
  4.08163265e-03 1.02040816e-03]
 [0.00000000e+00 9.69162996e-01 2.64317181e-03 4.40528634e-03
  0.00000000e+00 3.52422907e-03 5.28634361e-03 0.00000000e+00
  1.40969163e-02 8.81057269e-04]
 [1.74418605e-02 7.75193798e-03 8.14922481e-01 2.90697674e-02
  2.42248062e-02 1.45348837e-02 2.32558140e-02 1.84108527e-02
  4.06976744e-02 9.68992248e-03]
 [1.98019802e-03 2.97029703e-03 3.36633663e-02 8.38613861e-01
  4.95049505e-03 5.84158416e-02 5.94059406e-03 1.88118812e-02
  2.07920792e-02 1.38613861e-02]
 [0.00000000e+00 1.01832994e-02 1.42566191e-02 2.03665988e-03
  8.72708758e-01 9.16496945e-03 9.16496945e-03 7.12830957e-03
  8.14663951e-03 6.72097760e-02]
 [1.23318386e-02 5.60538117e-03 5.60538117e-03 6.39013453e-02
  1.90582960e-02 8.25112108e-01 1.79372197e-02 1.12107623e-02
  2.57847534e-02 1.34529148e-02]
 [2.08768267e-02 8.35073069e-03 1.98329854e-02 2.08768267e-03
  2.19206681e-02 3.23590814e-02 8.75782881e-01 3.13152401e-03
  1.14822547e-02 4.17536534e-03]
 [9.72762646e-04 1.45914397e-02 1.84824903e-02 9.72762646e-03
  2.33463035e-02 7.78210117e-03 9.72762646e-04 8.66731518e-01
  2.91828794e-03 5.44747082e-02]
 [1.33470226e-02 1.64271047e-02 1.43737166e-02 3.90143737e-02
  7.18685832e-03 5.13347023e-02 1.23203285e-02 1.23203285e-02
  8.11088296e-01 2.25872690e-02]
 [9.91080278e-03 5.94648167e-03 7.92864222e-03 1.38751239e-02
  2.18037661e-02 7.92864222e-03 9.91080278e-04 4.06342914e-02
  4.95540139e-03 8.86025768e-01]]

    score:0.8712
    sparsity:0.4999
    train_time:47.0430
    test_time:0.2324
Session is closed.
MNIST classification starts: 207.4336
best model trained: 54.1989
test done: 0.2627
Normalized confusion matrix
[[9.52040816e-01 0.00000000e+00 2.04081633e-03 3.06122449e-03
  2.04081633e-03 1.73469388e-02 1.73469388e-02 1.02040816e-03
  4.08163265e-03 1.02040816e-03]
 [0.00000000e+00 9.64757709e-01 8.81057269e-03 3.52422907e-03
  0.00000000e+00 1.76211454e-03 5.28634361e-03 8.81057269e-04
  1.49779736e-02 0.00000000e+00]
 [1.45348837e-02 1.35658915e-02 8.42054264e-01 2.42248062e-02
  1.74418605e-02 3.87596899e-03 2.42248062e-02 1.64728682e-02
  4.06976744e-02 2.90697674e-03]
 [4.95049505e-03 5.94059406e-03 1.68316832e-02 8.72277228e-01
  2.97029703e-03 2.37623762e-02 5.94059406e-03 2.27722772e-02
  3.26732673e-02 1.18811881e-02]
 [4.07331976e-03 1.01832994e-02 1.22199593e-02 5.09164969e-03
  8.98167006e-01 3.05498982e-03 1.01832994e-02 7.12830957e-03
  5.09164969e-03 4.48065173e-02]
 [1.68161435e-02 3.36322870e-03 1.34529148e-02 4.70852018e-02
  2.01793722e-02 8.12780269e-01 2.80269058e-02 1.23318386e-02
  3.47533632e-02 1.12107623e-02]
 [1.77453027e-02 4.17536534e-03 1.14822547e-02 0.00000000e+00
  1.25260960e-02 2.08768267e-02 9.19624217e-01 7.30688935e-03
  6.26304802e-03 0.00000000e+00]
 [3.89105058e-03 2.62645914e-02 2.62645914e-02 7.78210117e-03
  1.45914397e-02 2.91828794e-03 6.80933852e-03 8.60894942e-01
  3.89105058e-03 4.66926070e-02]
 [1.33470226e-02 1.12936345e-02 1.12936345e-02 2.77207392e-02
  1.43737166e-02 4.92813142e-02 1.43737166e-02 1.23203285e-02
  8.30595483e-01 1.54004107e-02]
 [1.28840436e-02 9.91080278e-03 5.94648167e-03 1.18929633e-02
  8.02775025e-02 1.28840436e-02 3.96432111e-03 4.45986125e-02
  1.28840436e-02 8.04757185e-01]]

    score:0.8772
    sparsity:0.4995
    train_time:54.1989
    test_time:0.2627
Session is closed.
MNIST classification starts: 263.0160
best model trained: 61.5016
test done: 0.2756
Normalized confusion matrix
[[9.31632653e-01 0.00000000e+00 5.10204082e-03 6.12244898e-03
  2.04081633e-03 1.42857143e-02 2.24489796e-02 2.04081633e-03
  1.53061224e-02 1.02040816e-03]
 [0.00000000e+00 9.70925110e-01 5.28634361e-03 2.64317181e-03
  8.81057269e-04 3.52422907e-03 3.52422907e-03 0.00000000e+00
  1.32158590e-02 0.00000000e+00]
 [7.75193798e-03 4.84496124e-03 8.62403101e-01 2.61627907e-02
  1.45348837e-02 3.87596899e-03 2.03488372e-02 1.45348837e-02
  4.06976744e-02 4.84496124e-03]
 [3.96039604e-03 7.92079208e-03 2.57425743e-02 8.62376238e-01
  4.95049505e-03 2.77227723e-02 5.94059406e-03 1.98019802e-02
  3.66336634e-02 4.95049505e-03]
 [1.01832994e-03 7.12830957e-03 8.14663951e-03 0.00000000e+00
  9.19551935e-01 3.05498982e-03 1.22199593e-02 5.09164969e-03
  5.09164969e-03 3.86965377e-02]
 [1.00896861e-02 6.72645740e-03 1.12107623e-02 4.14798206e-02
  2.91479821e-02 7.98206278e-01 2.80269058e-02 2.57847534e-02
  4.48430493e-02 4.48430493e-03]
 [1.14822547e-02 1.04384134e-02 9.39457203e-03 1.04384134e-03
  2.50521921e-02 1.77453027e-02 9.15448852e-01 1.04384134e-03
  8.35073069e-03 0.00000000e+00]
 [1.94552529e-03 2.14007782e-02 2.43190661e-02 5.83657588e-03
  1.94552529e-02 3.89105058e-03 6.80933852e-03 8.70622568e-01
  5.83657588e-03 3.98832685e-02]
 [1.02669405e-02 1.43737166e-02 1.95071869e-02 1.95071869e-02
  1.43737166e-02 2.66940452e-02 1.12936345e-02 1.74537988e-02
  8.55236140e-01 1.12936345e-02]
 [1.09018831e-02 6.93756194e-03 6.93756194e-03 9.91080278e-03
  8.42418236e-02 8.91972250e-03 1.98216056e-03 3.96432111e-02
  6.93756194e-03 8.23587711e-01]]

    score:0.8827
    sparsity:0.4971
    train_time:61.5016
    test_time:0.2756
Session is closed.
MNIST classification starts: 325.7280
best model trained: 68.5496
test done: 0.2675
Normalized confusion matrix
[[9.45918367e-01 0.00000000e+00 5.10204082e-03 9.18367347e-03
  3.06122449e-03 1.63265306e-02 1.42857143e-02 1.02040816e-03
  3.06122449e-03 2.04081633e-03]
 [0.00000000e+00 9.77973568e-01 4.40528634e-03 1.76211454e-03
  0.00000000e+00 2.64317181e-03 2.64317181e-03 8.81057269e-04
  9.69162996e-03 0.00000000e+00]
 [1.74418605e-02 1.64728682e-02 8.40116279e-01 3.39147287e-02
  1.64728682e-02 5.81395349e-03 1.35658915e-02 1.55038760e-02
  3.77906977e-02 2.90697674e-03]
 [4.95049505e-03 3.96039604e-03 2.17821782e-02 9.01980198e-01
  2.97029703e-03 1.98019802e-02 1.98019802e-03 2.07920792e-02
  1.58415842e-02 5.94059406e-03]
 [2.03665988e-03 8.14663951e-03 1.42566191e-02 7.12830957e-03
  9.09368635e-01 1.01832994e-03 1.12016293e-02 9.16496945e-03
  3.05498982e-03 3.46232179e-02]
 [1.45739910e-02 5.60538117e-03 6.72645740e-03 7.39910314e-02
  1.68161435e-02 7.95964126e-01 2.01793722e-02 1.79372197e-02
  3.92376682e-02 8.96860987e-03]
 [1.77453027e-02 6.26304802e-03 1.25260960e-02 3.13152401e-03
  1.25260960e-02 1.98329854e-02 9.17536534e-01 7.30688935e-03
  3.13152401e-03 0.00000000e+00]
 [3.89105058e-03 3.21011673e-02 1.36186770e-02 8.75486381e-03
  1.07003891e-02 9.72762646e-04 0.00000000e+00 8.65758755e-01
  7.78210117e-03 5.64202335e-02]
 [1.12936345e-02 1.33470226e-02 1.43737166e-02 7.28952772e-02
  1.64271047e-02 3.28542094e-02 1.02669405e-02 1.54004107e-02
  7.95687885e-01 1.74537988e-02]
 [1.58572844e-02 9.91080278e-03 9.91080278e-04 1.38751239e-02
  6.93756194e-02 4.95540139e-03 0.00000000e+00 4.16253717e-02
  7.92864222e-03 8.35480674e-01]]

    score:0.8805
    sparsity:0.5009
    train_time:68.5496
    test_time:0.2675
Session is closed.
MNIST classification starts: 395.4886
best model trained: 75.2544
test done: 0.2857
Normalized confusion matrix
[[9.51020408e-01 0.00000000e+00 3.06122449e-03 8.16326531e-03
  0.00000000e+00 1.02040816e-02 1.63265306e-02 5.10204082e-03
  6.12244898e-03 0.00000000e+00]
 [0.00000000e+00 9.71806167e-01 6.16740088e-03 2.64317181e-03
  8.81057269e-04 8.81057269e-04 2.64317181e-03 0.00000000e+00
  1.49779736e-02 0.00000000e+00]
 [1.74418605e-02 8.72093023e-03 8.35271318e-01 2.90697674e-02
  1.64728682e-02 2.90697674e-03 1.93798450e-02 1.74418605e-02
  4.84496124e-02 4.84496124e-03]
 [6.93069307e-03 2.97029703e-03 1.78217822e-02 8.70297030e-01
  9.90099010e-04 3.06930693e-02 5.94059406e-03 1.28712871e-02
  3.86138614e-02 1.28712871e-02]
 [4.07331976e-03 1.22199593e-02 1.22199593e-02 5.09164969e-03
  8.78818737e-01 3.05498982e-03 1.42566191e-02 5.09164969e-03
  1.52749491e-02 4.98981670e-02]
 [1.79372197e-02 6.72645740e-03 7.84753363e-03 5.71748879e-02
  2.13004484e-02 8.07174888e-01 1.34529148e-02 1.23318386e-02
  4.26008969e-02 1.34529148e-02]
 [2.29645094e-02 6.26304802e-03 1.67014614e-02 0.00000000e+00
  1.35699374e-02 1.87891441e-02 9.06054280e-01 3.13152401e-03
  9.39457203e-03 3.13152401e-03]
 [2.91828794e-03 2.14007782e-02 2.43190661e-02 1.07003891e-02
  1.07003891e-02 1.94552529e-03 1.94552529e-03 8.71595331e-01
  4.86381323e-03 4.96108949e-02]
 [9.24024641e-03 9.24024641e-03 1.33470226e-02 3.38809035e-02
  1.23203285e-02 2.66940452e-02 9.24024641e-03 1.12936345e-02
  8.52156057e-01 2.25872690e-02]
 [8.91972250e-03 8.91972250e-03 2.97324083e-03 1.88305253e-02
  4.95540139e-02 1.28840436e-02 1.98216056e-03 2.97324083e-02
  8.91972250e-03 8.57284440e-01]]

    score:0.8818
    sparsity:0.4982
    train_time:75.2544
    test_time:0.2857
Session is closed.
MNIST classification starts: 471.9765
best model trained: 1.2561
test done: 0.0114
Normalized confusion matrix
[[0.68965517 0.         0.03448276 0.03448276 0.         0.
  0.         0.13793103 0.03448276 0.06896552]
 [0.         0.91304348 0.         0.         0.         0.04347826
  0.         0.         0.04347826 0.        ]
 [0.07894737 0.07894737 0.31578947 0.13157895 0.         0.05263158
  0.15789474 0.07894737 0.10526316 0.        ]
 [0.03571429 0.07142857 0.07142857 0.46428571 0.03571429 0.17857143
  0.03571429 0.03571429 0.07142857 0.        ]
 [0.02439024 0.02439024 0.02439024 0.04878049 0.29268293 0.07317073
  0.02439024 0.07317073 0.19512195 0.2195122 ]
 [0.06451613 0.03225806 0.         0.03225806 0.03225806 0.38709677
  0.03225806 0.22580645 0.12903226 0.06451613]
 [0.16       0.         0.12       0.16       0.         0.
  0.56       0.         0.         0.        ]
 [0.02702703 0.05405405 0.18918919 0.08108108 0.02702703 0.05405405
  0.02702703 0.40540541 0.08108108 0.05405405]
 [0.04761905 0.0952381  0.14285714 0.         0.         0.04761905
  0.0952381  0.19047619 0.38095238 0.        ]
 [0.02702703 0.05405405 0.02702703 0.02702703 0.16216216 0.08108108
  0.08108108 0.18918919 0.05405405 0.2972973 ]]

    score:0.4775
    sparsity:1.0000
    train_time:1.2561
    test_time:0.0114
Session is closed.
MNIST classification starts: 474.2492
best model trained: 7.0919
test done: 0.0327
Normalized confusion matrix
[[0.76       0.         0.03428571 0.01142857 0.00571429 0.00571429
  0.10285714 0.01714286 0.04       0.02285714]
 [0.         0.97008547 0.00854701 0.00854701 0.         0.
  0.00854701 0.         0.0042735  0.        ]
 [0.02739726 0.0456621  0.51598174 0.05936073 0.00456621 0.
  0.14155251 0.07305936 0.12328767 0.00913242]
 [0.00483092 0.01449275 0.03381643 0.75362319 0.01449275 0.04347826
  0.01932367 0.07246377 0.02898551 0.01449275]
 [0.01843318 0.02764977 0.01843318 0.01843318 0.70046083 0.01843318
  0.03225806 0.05069124 0.01382488 0.10138249]
 [0.02793296 0.00558659 0.04469274 0.11731844 0.06145251 0.5027933
  0.00558659 0.03910615 0.12849162 0.06703911]
 [0.05617978 0.01123596 0.0505618  0.00561798 0.02247191 0.03932584
  0.74719101 0.02247191 0.03370787 0.01123596]
 [0.00487805 0.09756098 0.0195122  0.02926829 0.02926829 0.0097561
  0.01463415 0.68292683 0.0097561  0.10243902]
 [0.02083333 0.03125    0.03645833 0.05729167 0.03125    0.0625
  0.02083333 0.04166667 0.63541667 0.0625    ]
 [0.         0.01546392 0.00515464 0.01030928 0.09278351 0.01030928
  0.01030928 0.11340206 0.02061856 0.72164948]]

    score:0.7030
    sparsity:1.0000
    train_time:7.0919
    test_time:0.0327
Session is closed.
MNIST classification starts: 482.2089
best model trained: 13.0519
test done: 0.0606
Normalized confusion matrix
[[0.79228487 0.00296736 0.04747774 0.01186944 0.00890208 0.0148368
  0.07418398 0.01186944 0.01780415 0.01780415]
 [0.         0.96634615 0.00480769 0.00721154 0.00240385 0.00240385
  0.00480769 0.         0.00961538 0.00240385]
 [0.02617801 0.04712042 0.63089005 0.10471204 0.01308901 0.0104712
  0.06544503 0.03926702 0.05759162 0.0052356 ]
 [0.         0.02917772 0.04244032 0.75862069 0.00530504 0.04509284
  0.01591512 0.0397878  0.04509284 0.01856764]
 [0.00255754 0.01023018 0.01790281 0.00767263 0.7314578  0.01023018
  0.03836317 0.02557545 0.01023018 0.14578005]
 [0.02670623 0.01186944 0.0148368  0.09792285 0.04154303 0.58160237
  0.03560831 0.05637982 0.10682493 0.02670623]
 [0.02028986 0.02608696 0.09275362 0.0115942  0.04927536 0.02608696
  0.73623188 0.01449275 0.0173913  0.0057971 ]
 [0.0025974  0.05714286 0.01818182 0.02077922 0.02077922 0.00519481
  0.02077922 0.74545455 0.02597403 0.08311688]
 [0.01142857 0.02857143 0.03142857 0.09142857 0.02857143 0.03142857
  0.02       0.02       0.67142857 0.06571429]
 [0.00867052 0.02023121 0.00578035 0.02890173 0.07514451 0.00578035
  0.00867052 0.0433526  0.01734104 0.78612717]]

    score:0.7436
    sparsity:1.0000
    train_time:13.0519
    test_time:0.0606
Session is closed.
MNIST classification starts: 496.2194
best model trained: 19.7221
test done: 0.0990
Normalized confusion matrix
[[0.89717742 0.         0.02016129 0.00201613 0.00201613 0.03629032
  0.02016129 0.00604839 0.01612903 0.        ]
 [0.         0.96885246 0.00163934 0.00983607 0.         0.00327869
  0.00819672 0.         0.00655738 0.00163934]
 [0.03935599 0.02325581 0.66905188 0.05366726 0.01252236 0.01073345
  0.05545617 0.05545617 0.07513417 0.00536673]
 [0.         0.01500938 0.02251407 0.79924953 0.00187617 0.05816135
  0.01313321 0.03001876 0.03939962 0.0206379 ]
 [0.00186567 0.01119403 0.01865672 0.01492537 0.74440299 0.01119403
  0.02238806 0.02052239 0.0130597  0.14179104]
 [0.01659751 0.01659751 0.01244813 0.11410788 0.0186722  0.64522822
  0.02282158 0.02282158 0.08506224 0.04564315]
 [0.01414141 0.02626263 0.05858586 0.01212121 0.03232323 0.06060606
  0.72929293 0.04040404 0.02020202 0.00606061]
 [0.003663   0.03846154 0.04212454 0.04395604 0.01282051 0.00549451
  0.02197802 0.73992674 0.01465201 0.07692308]
 [0.01538462 0.02884615 0.01730769 0.06346154 0.02692308 0.03653846
  0.01153846 0.025      0.72307692 0.05192308]
 [0.01618705 0.01618705 0.02517986 0.02158273 0.07374101 0.01079137
  0.00179856 0.05215827 0.01798561 0.76438849]]

    score:0.7710
    sparsity:1.0000
    train_time:19.7221
    test_time:0.0990
Session is closed.
MNIST classification starts: 516.9482
best model trained: 26.0484
test done: 0.1418
Normalized confusion matrix
[[0.90327381 0.         0.01041667 0.01190476 0.00297619 0.02529762
  0.02827381 0.00446429 0.01190476 0.0014881 ]
 [0.         0.97484277 0.00125786 0.00503145 0.00125786 0.00125786
  0.00754717 0.00125786 0.00628931 0.00125786]
 [0.01783265 0.01783265 0.74897119 0.05349794 0.02469136 0.01508916
  0.04801097 0.0260631  0.04389575 0.00411523]
 [0.0042735  0.01851852 0.03703704 0.82051282 0.0014245  0.02991453
  0.01282051 0.02706553 0.02564103 0.02279202]
 [0.01285714 0.01714286 0.01       0.01142857 0.81142857 0.00714286
  0.02857143 0.00571429 0.01857143 0.07714286]
 [0.02685624 0.01105845 0.01579779 0.09162717 0.02369668 0.68404423
  0.03159558 0.02843602 0.05371248 0.03317536]
 [0.0152439  0.00914634 0.03506098 0.00457317 0.01981707 0.02591463
  0.86128049 0.01829268 0.00762195 0.00304878]
 [0.00561798 0.04634831 0.02808989 0.01825843 0.0252809  0.00842697
  0.02106742 0.75140449 0.01404494 0.08146067]
 [0.01759531 0.02199413 0.02639296 0.05278592 0.02346041 0.04398827
  0.02199413 0.02785924 0.72140762 0.04252199]
 [0.01529903 0.01390821 0.01112656 0.01390821 0.07093185 0.00417246
  0.00278164 0.05285118 0.01808067 0.79694019]]

    score:0.8100
    sparsity:1.0000
    train_time:26.0484
    test_time:0.1418
Session is closed.
MNIST classification starts: 544.2219
best model trained: 33.1386
test done: 0.1864
Normalized confusion matrix
[[0.95260664 0.         0.00592417 0.         0.00236967 0.01540284
  0.01184834 0.00473934 0.007109   0.        ]
 [0.         0.96330275 0.0030581  0.00713558 0.0030581  0.00509684
  0.00407747 0.00101937 0.01325178 0.        ]
 [0.0199778  0.0099889  0.77136515 0.04106548 0.02330744 0.01442841
  0.03440622 0.02219756 0.05660377 0.00665927]
 [0.00344037 0.00458716 0.02752294 0.85091743 0.00458716 0.04243119
  0.00229358 0.02522936 0.02637615 0.01261468]
 [0.00233372 0.00700117 0.02450408 0.00466744 0.87281214 0.00116686
  0.01166861 0.01050175 0.01400233 0.05134189]
 [0.02056555 0.00771208 0.0218509  0.07712082 0.03084833 0.73393316
  0.0218509  0.01542416 0.05398458 0.01670951]
 [0.02794654 0.00486027 0.02673147 0.01579587 0.04617254 0.03523694
  0.81530984 0.0145808  0.01215067 0.00121507]
 [0.0045403  0.03064699 0.03405221 0.01702611 0.01702611 0.00227015
  0.00794552 0.82406356 0.00908059 0.05334847]
 [0.01416765 0.01062574 0.0188902  0.04604486 0.02125148 0.05785124
  0.0188902  0.02125148 0.76151122 0.02951594]
 [0.01473923 0.00793651 0.01360544 0.01473923 0.0600907  0.01587302
  0.00340136 0.03514739 0.00907029 0.82539683]]

    score:0.8395
    sparsity:1.0000
    train_time:33.1386
    test_time:0.1864
Session is closed.
MNIST classification starts: 578.4580
best model trained: 40.0505
test done: 0.2167
Normalized confusion matrix
[[9.41836735e-01 0.00000000e+00 6.12244898e-03 3.06122449e-03
  0.00000000e+00 1.02040816e-02 2.34693878e-02 6.12244898e-03
  7.14285714e-03 2.04081633e-03]
 [0.00000000e+00 9.68281938e-01 3.52422907e-03 2.64317181e-03
  1.76211454e-03 0.00000000e+00 4.40528634e-03 8.81057269e-04
  1.85022026e-02 0.00000000e+00]
 [1.06589147e-02 7.75193798e-03 8.30426357e-01 3.77906977e-02
  8.72093023e-03 4.84496124e-03 3.00387597e-02 2.13178295e-02
  4.16666667e-02 6.78294574e-03]
 [3.96039604e-03 6.93069307e-03 2.67326733e-02 8.55445545e-01
  2.97029703e-03 2.07920792e-02 1.48514851e-02 1.98019802e-02
  3.96039604e-02 8.91089109e-03]
 [6.10997963e-03 8.14663951e-03 1.62932790e-02 3.05498982e-03
  8.60488798e-01 3.05498982e-03 2.34215886e-02 6.10997963e-03
  1.93482688e-02 5.39714868e-02]
 [2.35426009e-02 7.84753363e-03 1.23318386e-02 7.06278027e-02
  2.24215247e-02 7.18609865e-01 2.35426009e-02 3.25112108e-02
  6.16591928e-02 2.69058296e-02]
 [1.87891441e-02 6.26304802e-03 3.23590814e-02 3.13152401e-03
  1.77453027e-02 8.35073069e-03 8.96659708e-01 7.30688935e-03
  6.26304802e-03 3.13152401e-03]
 [5.83657588e-03 1.84824903e-02 2.91828794e-02 1.16731518e-02
  7.78210117e-03 3.89105058e-03 1.16731518e-02 8.56031128e-01
  5.83657588e-03 4.96108949e-02]
 [2.15605749e-02 1.33470226e-02 1.84804928e-02 3.69609856e-02
  1.84804928e-02 1.54004107e-02 1.64271047e-02 2.15605749e-02
  8.05954825e-01 3.18275154e-02]
 [9.91080278e-03 8.91972250e-03 1.09018831e-02 1.58572844e-02
  3.96432111e-02 2.97324083e-03 7.92864222e-03 4.36075322e-02
  1.88305253e-02 8.41427156e-01]]

    score:0.8602
    sparsity:1.0000
    train_time:40.0505
    test_time:0.2167
Session is closed.
MNIST classification starts: 619.6333
best model trained: 47.1515
test done: 0.2322
Normalized confusion matrix
[[9.29591837e-01 0.00000000e+00 9.18367347e-03 1.02040816e-03
  3.06122449e-03 2.24489796e-02 1.83673469e-02 5.10204082e-03
  9.18367347e-03 2.04081633e-03]
 [0.00000000e+00 9.57709251e-01 9.69162996e-03 8.81057269e-04
  6.16740088e-03 4.40528634e-03 3.52422907e-03 8.81057269e-04
  1.67400881e-02 0.00000000e+00]
 [1.25968992e-02 1.25968992e-02 8.43992248e-01 2.71317829e-02
  2.51937984e-02 4.84496124e-03 1.93798450e-02 2.03488372e-02
  2.90697674e-02 4.84496124e-03]
 [3.96039604e-03 6.93069307e-03 3.26732673e-02 8.35643564e-01
  4.95049505e-03 3.56435644e-02 8.91089109e-03 2.47524752e-02
  3.06930693e-02 1.58415842e-02]
 [3.05498982e-03 6.10997963e-03 1.52749491e-02 7.12830957e-03
  8.89002037e-01 3.05498982e-03 1.83299389e-02 3.05498982e-03
  1.93482688e-02 3.56415479e-02]
 [2.24215247e-02 1.00896861e-02 2.35426009e-02 4.14798206e-02
  2.69058296e-02 7.61210762e-01 3.02690583e-02 2.57847534e-02
  4.26008969e-02 1.56950673e-02]
 [1.56576200e-02 7.30688935e-03 2.40083507e-02 1.14822547e-02
  1.14822547e-02 2.92275574e-02 8.73695198e-01 1.46137787e-02
  1.25260960e-02 0.00000000e+00]
 [1.94552529e-03 1.65369650e-02 3.30739300e-02 1.75097276e-02
  1.26459144e-02 1.26459144e-02 5.83657588e-03 8.33657588e-01
  3.89105058e-03 6.22568093e-02]
 [1.12936345e-02 1.33470226e-02 1.23203285e-02 4.20944559e-02
  1.74537988e-02 4.10677618e-02 1.84804928e-02 1.54004107e-02
  8.13141684e-01 1.54004107e-02]
 [9.91080278e-03 5.94648167e-03 8.91972250e-03 1.28840436e-02
  8.12685828e-02 1.68483647e-02 5.94648167e-03 4.36075322e-02
  7.92864222e-03 8.06739346e-01]]

    score:0.8565
    sparsity:1.0000
    train_time:47.1515
    test_time:0.2322
Session is closed.
MNIST classification starts: 667.9425
best model trained: 54.3236
test done: 0.2564
Normalized confusion matrix
[[9.23469388e-01 1.02040816e-03 8.16326531e-03 1.02040816e-02
  4.08163265e-03 1.93877551e-02 2.14285714e-02 5.10204082e-03
  5.10204082e-03 2.04081633e-03]
 [0.00000000e+00 9.71806167e-01 6.16740088e-03 2.64317181e-03
  8.81057269e-04 3.52422907e-03 4.40528634e-03 8.81057269e-04
  8.81057269e-03 8.81057269e-04]
 [1.25968992e-02 1.16279070e-02 8.12015504e-01 3.19767442e-02
  1.45348837e-02 7.75193798e-03 2.81007752e-02 3.10077519e-02
  4.36046512e-02 6.78294574e-03]
 [4.95049505e-03 3.96039604e-03 2.77227723e-02 8.39603960e-01
  3.96039604e-03 4.05940594e-02 1.38613861e-02 2.27722772e-02
  3.36633663e-02 8.91089109e-03]
 [2.03665988e-03 9.16496945e-03 1.01832994e-02 2.03665988e-03
  9.15478615e-01 2.03665988e-03 1.42566191e-02 7.12830957e-03
  3.05498982e-03 3.46232179e-02]
 [8.96860987e-03 1.12107623e-02 7.84753363e-03 4.70852018e-02
  2.13004484e-02 8.09417040e-01 2.13004484e-02 2.57847534e-02
  3.25112108e-02 1.45739910e-02]
 [1.98329854e-02 6.26304802e-03 1.35699374e-02 5.21920668e-03
  1.98329854e-02 2.50521921e-02 8.90396660e-01 1.04384134e-02
  5.21920668e-03 4.17536534e-03]
 [2.91828794e-03 2.14007782e-02 2.04280156e-02 1.07003891e-02
  1.36186770e-02 2.91828794e-03 8.75486381e-03 8.76459144e-01
  5.83657588e-03 3.69649805e-02]
 [5.13347023e-03 1.74537988e-02 1.74537988e-02 3.79876797e-02
  2.56673511e-02 3.69609856e-02 1.64271047e-02 2.25872690e-02
  7.97741273e-01 2.25872690e-02]
 [1.48662042e-02 7.92864222e-03 5.94648167e-03 9.91080278e-03
  7.23488603e-02 1.48662042e-02 2.97324083e-03 4.75718533e-02
  7.92864222e-03 8.15659068e-01]]

    score:0.8669
    sparsity:1.0000
    train_time:54.3236
    test_time:0.2564
Session is closed.
MNIST classification starts: 723.6473
best model trained: 61.1197
test done: 0.2534
Normalized confusion matrix
[[9.36734694e-01 0.00000000e+00 1.53061224e-02 5.10204082e-03
  1.02040816e-03 1.42857143e-02 1.83673469e-02 2.04081633e-03
  4.08163265e-03 3.06122449e-03]
 [0.00000000e+00 9.77092511e-01 3.52422907e-03 1.76211454e-03
  8.81057269e-04 2.64317181e-03 4.40528634e-03 8.81057269e-04
  8.81057269e-03 0.00000000e+00]
 [1.25968992e-02 5.81395349e-03 8.54651163e-01 3.39147287e-02
  1.45348837e-02 4.84496124e-03 2.42248062e-02 2.03488372e-02
  2.61627907e-02 2.90697674e-03]
 [9.90099010e-04 3.96039604e-03 3.36633663e-02 8.74257426e-01
  1.98019802e-03 3.36633663e-02 6.93069307e-03 1.98019802e-02
  1.78217822e-02 6.93069307e-03]
 [3.05498982e-03 8.14663951e-03 1.12016293e-02 3.05498982e-03
  9.05295316e-01 2.03665988e-03 1.01832994e-02 1.22199593e-02
  9.16496945e-03 3.56415479e-02]
 [1.23318386e-02 5.60538117e-03 1.68161435e-02 5.60538117e-02
  1.68161435e-02 7.94843049e-01 2.24215247e-02 1.45739910e-02
  4.03587444e-02 2.01793722e-02]
 [1.14822547e-02 6.26304802e-03 2.40083507e-02 6.26304802e-03
  1.35699374e-02 2.19206681e-02 9.00835073e-01 8.35073069e-03
  7.30688935e-03 0.00000000e+00]
 [1.94552529e-03 1.65369650e-02 3.01556420e-02 1.07003891e-02
  1.07003891e-02 2.91828794e-03 1.16731518e-02 8.72568093e-01
  3.89105058e-03 3.89105058e-02]
 [1.12936345e-02 1.33470226e-02 2.97741273e-02 4.92813142e-02
  1.64271047e-02 3.59342916e-02 1.02669405e-02 2.25872690e-02
  7.84394251e-01 2.66940452e-02]
 [1.48662042e-02 5.94648167e-03 8.91972250e-03 1.48662042e-02
  6.44202180e-02 1.38751239e-02 0.00000000e+00 4.65807730e-02
  7.92864222e-03 8.22596630e-01]]

    score:0.8744
    sparsity:1.0000
    train_time:61.1197
    test_time:0.2534
Session is closed.
MNIST classification starts: 785.9498
best model trained: 68.5243
test done: 0.2704
Normalized confusion matrix
[[9.51020408e-01 0.00000000e+00 4.08163265e-03 4.08163265e-03
  1.02040816e-03 1.93877551e-02 1.32653061e-02 3.06122449e-03
  3.06122449e-03 1.02040816e-03]
 [0.00000000e+00 9.71806167e-01 3.52422907e-03 0.00000000e+00
  8.81057269e-04 1.76211454e-03 3.52422907e-03 8.81057269e-04
  1.67400881e-02 8.81057269e-04]
 [1.35658915e-02 5.81395349e-03 8.48837209e-01 3.19767442e-02
  1.45348837e-02 3.87596899e-03 2.13178295e-02 2.51937984e-02
  3.29457364e-02 1.93798450e-03]
 [2.97029703e-03 9.90099010e-03 3.56435644e-02 8.49504950e-01
  1.98019802e-03 3.46534653e-02 3.96039604e-03 2.17821782e-02
  2.57425743e-02 1.38613861e-02]
 [2.03665988e-03 6.10997963e-03 1.22199593e-02 1.01832994e-03
  8.91038697e-01 1.01832994e-03 1.62932790e-02 6.10997963e-03
  1.12016293e-02 5.29531568e-02]
 [1.34529148e-02 3.36322870e-03 7.84753363e-03 5.26905830e-02
  2.13004484e-02 8.16143498e-01 3.02690583e-02 1.34529148e-02
  2.69058296e-02 1.45739910e-02]
 [1.67014614e-02 6.26304802e-03 3.13152401e-02 6.26304802e-03
  1.77453027e-02 2.50521921e-02 8.76826722e-01 1.56576200e-02
  4.17536534e-03 0.00000000e+00]
 [1.94552529e-03 1.75097276e-02 2.82101167e-02 1.45914397e-02
  1.45914397e-02 3.89105058e-03 6.80933852e-03 8.57976654e-01
  1.07003891e-02 4.37743191e-02]
 [1.33470226e-02 1.33470226e-02 2.36139630e-02 3.59342916e-02
  1.54004107e-02 3.38809035e-02 9.24024641e-03 1.33470226e-02
  8.19301848e-01 2.25872690e-02]
 [1.48662042e-02 8.91972250e-03 3.96432111e-03 1.38751239e-02
  5.35183350e-02 6.93756194e-03 3.96432111e-03 2.57680872e-02
  1.28840436e-02 8.55302279e-01]]

    score:0.8755
    sparsity:1.0000
    train_time:68.5243
    test_time:0.2704
Session is closed.
MNIST classification starts: 855.6837
best model trained: 75.8382
test done: 0.2741
Normalized confusion matrix
[[0.95102041 0.         0.00408163 0.00306122 0.00102041 0.01836735
  0.01428571 0.00102041 0.00612245 0.00102041]
 [0.         0.969163   0.00352423 0.00176211 0.         0.00264317
  0.00528634 0.         0.01762115 0.        ]
 [0.01453488 0.00775194 0.83333333 0.02228682 0.02616279 0.0125969
  0.02131783 0.02228682 0.03585271 0.00387597]
 [0.0049505  0.0019802  0.03663366 0.85544554 0.01188119 0.03663366
  0.00693069 0.01386139 0.02475248 0.00693069]
 [0.         0.00509165 0.00712831 0.00101833 0.93075356 0.00509165
  0.01221996 0.01120163 0.00610998 0.02138493]
 [0.01345291 0.0044843  0.01569507 0.02578475 0.02578475 0.83183857
  0.02242152 0.01681614 0.03026906 0.01345291]
 [0.01983299 0.00626305 0.02192067 0.00521921 0.02609603 0.02609603
  0.88517745 0.00417537 0.00521921 0.        ]
 [0.00291829 0.01459144 0.03501946 0.01070039 0.01264591 0.00389105
  0.00486381 0.86964981 0.00486381 0.04085603]
 [0.01232033 0.00924025 0.01232033 0.0174538  0.01848049 0.05544148
  0.00924025 0.0164271  0.83470226 0.01437372]
 [0.01288404 0.00891972 0.00198216 0.00891972 0.0852329  0.01585728
  0.00198216 0.04063429 0.01090188 0.81268583]]

    score:0.8787
    sparsity:1.0000
    train_time:75.8382
    test_time:0.2741
Session is closed.
