nyx7015
2018-07-15 14:12:23.818836: W tensorflow/core/platform/cpu_feature_guard.cc:45] The TensorFlow library wasn't compiled to use SSE4.1 instructions, but these are available on your machine and could speed up CPU computations.
2018-07-15 14:12:23.818924: W tensorflow/core/platform/cpu_feature_guard.cc:45] The TensorFlow library wasn't compiled to use SSE4.2 instructions, but these are available on your machine and could speed up CPU computations.
2018-07-15 14:12:23.818936: W tensorflow/core/platform/cpu_feature_guard.cc:45] The TensorFlow library wasn't compiled to use AVX instructions, but these are available on your machine and could speed up CPU computations.
2018-07-15 14:12:23.818946: W tensorflow/core/platform/cpu_feature_guard.cc:45] The TensorFlow library wasn't compiled to use AVX2 instructions, but these are available on your machine and could speed up CPU computations.
2018-07-15 14:12:23.818956: W tensorflow/core/platform/cpu_feature_guard.cc:45] The TensorFlow library wasn't compiled to use FMA instructions, but these are available on your machine and could speed up CPU computations.
MNIST classification starts: 2.9438
best model trained: 9.4385
test done: 0.0141
Normalized confusion matrix
[[0.51724138 0.06896552 0.06896552 0.03448276 0.         0.06896552
  0.17241379 0.06896552 0.         0.        ]
 [0.         0.95652174 0.         0.         0.         0.
  0.         0.         0.         0.04347826]
 [0.         0.28947368 0.28947368 0.15789474 0.         0.02631579
  0.02631579 0.07894737 0.10526316 0.02631579]
 [0.10714286 0.35714286 0.10714286 0.14285714 0.         0.07142857
  0.         0.07142857 0.10714286 0.03571429]
 [0.07317073 0.07317073 0.04878049 0.         0.36585366 0.02439024
  0.19512195 0.07317073 0.04878049 0.09756098]
 [0.06451613 0.19354839 0.03225806 0.09677419 0.03225806 0.35483871
  0.03225806 0.03225806 0.09677419 0.06451613]
 [0.16       0.04       0.04       0.         0.2        0.
  0.44       0.04       0.04       0.04      ]
 [0.10810811 0.16216216 0.02702703 0.         0.02702703 0.
  0.08108108 0.45945946 0.02702703 0.10810811]
 [0.0952381  0.19047619 0.         0.0952381  0.04761905 0.
  0.04761905 0.04761905 0.47619048 0.        ]
 [0.02702703 0.13513514 0.08108108 0.         0.08108108 0.02702703
  0.08108108 0.27027027 0.02702703 0.27027027]]

    score:0.4444
    sparsity:0.5184
    train_time:9.4385
    test_time:0.0141
Session is closed.
MNIST classification starts: 13.5189
best model trained: 7.0879
test done: 0.0407
Normalized confusion matrix
[[0.86285714 0.         0.01142857 0.02285714 0.         0.03428571
  0.01142857 0.02285714 0.02857143 0.00571429]
 [0.         0.95726496 0.0042735  0.00854701 0.0042735  0.00854701
  0.0042735  0.         0.01282051 0.        ]
 [0.01826484 0.05479452 0.6347032  0.10958904 0.01369863 0.02283105
  0.05936073 0.02739726 0.05936073 0.        ]
 [0.01449275 0.08695652 0.02898551 0.647343   0.00966184 0.0821256
  0.01449275 0.0531401  0.04830918 0.01449275]
 [0.01843318 0.01843318 0.02304147 0.00460829 0.66359447 0.04608295
  0.03686636 0.00921659 0.00460829 0.17511521]
 [0.06703911 0.03910615 0.00558659 0.13407821 0.06145251 0.4301676
  0.02793296 0.03351955 0.13407821 0.06703911]
 [0.04494382 0.04494382 0.06741573 0.01123596 0.04494382 0.04494382
  0.71348315 0.01685393 0.00561798 0.00561798]
 [0.0097561  0.10243902 0.05853659 0.01463415 0.06341463 0.04878049
  0.01463415 0.50731707 0.00487805 0.17560976]
 [0.03125    0.078125   0.03125    0.078125   0.03125    0.06770833
  0.02604167 0.03645833 0.55208333 0.06770833]
 [0.00515464 0.03092784 0.01030928 0.03608247 0.10824742 0.00515464
  0.01030928 0.07731959 0.0257732  0.69072165]]

    score:0.6700
    sparsity:0.4902
    train_time:7.0879
    test_time:0.0407
Session is closed.
MNIST classification starts: 21.4906
best model trained: 13.0396
test done: 0.0755
Normalized confusion matrix
[[0.86350148 0.         0.00890208 0.02373887 0.00296736 0.01186944
  0.04451039 0.00890208 0.02967359 0.00593472]
 [0.         0.94711538 0.00480769 0.         0.00240385 0.03605769
  0.00961538 0.         0.         0.        ]
 [0.02879581 0.05235602 0.63612565 0.06020942 0.0104712  0.
  0.06282723 0.04712042 0.08900524 0.01308901]
 [0.         0.02387268 0.02122016 0.76127321 0.00795756 0.07692308
  0.02122016 0.05039788 0.0265252  0.01061008]
 [0.01023018 0.01790281 0.01023018 0.00255754 0.81074169 0.01534527
  0.03580563 0.01790281 0.00511509 0.0741688 ]
 [0.04747774 0.00890208 0.01186944 0.08308605 0.02670623 0.62908012
  0.05934718 0.03857567 0.03560831 0.05934718]
 [0.03478261 0.02898551 0.02028986 0.0115942  0.02898551 0.0173913
  0.84057971 0.00869565 0.00289855 0.0057971 ]
 [0.00779221 0.08311688 0.01298701 0.01038961 0.04155844 0.01298701
  0.01298701 0.70649351 0.00519481 0.10649351]
 [0.02571429 0.05142857 0.02       0.07142857 0.04571429 0.08571429
  0.02285714 0.02857143 0.62857143 0.02      ]
 [0.02601156 0.02023121 0.00578035 0.02023121 0.0982659  0.01734104
  0.01445087 0.09537572 0.01734104 0.6849711 ]]

    score:0.7537
    sparsity:0.4993
    train_time:13.0396
    test_time:0.0755
Session is closed.
MNIST classification starts: 35.4714
best model trained: 19.6843
test done: 0.1178
Normalized confusion matrix
[[0.89919355 0.         0.0141129  0.01008065 0.00403226 0.02620968
  0.02419355 0.         0.01814516 0.00403226]
 [0.         0.9704918  0.00655738 0.01311475 0.         0.00163934
  0.00655738 0.         0.00163934 0.        ]
 [0.01788909 0.019678   0.74239714 0.05366726 0.01788909 0.00357782
  0.05903399 0.03935599 0.0411449  0.00536673]
 [0.00750469 0.02439024 0.03189493 0.78236398 0.00562852 0.06566604
  0.01125704 0.03564728 0.01876173 0.01688555]
 [0.00932836 0.01492537 0.01679104 0.00559701 0.7761194  0.00373134
  0.02985075 0.00746269 0.00746269 0.12873134]
 [0.01452282 0.01659751 0.02489627 0.15767635 0.04149378 0.58713693
  0.03112033 0.03526971 0.04771784 0.04356846]
 [0.02222222 0.01818182 0.05252525 0.0020202  0.02020202 0.03232323
  0.83232323 0.0020202  0.01616162 0.0020202 ]
 [0.003663   0.04395604 0.02747253 0.01465201 0.01465201 0.00915751
  0.00732601 0.78571429 0.00732601 0.08608059]
 [0.01538462 0.04230769 0.01538462 0.125      0.03653846 0.03269231
  0.02884615 0.01346154 0.62884615 0.06153846]
 [0.01079137 0.01258993 0.01798561 0.02517986 0.0557554  0.00719424
  0.00719424 0.05395683 0.01079137 0.79856115]]

    score:0.7840
    sparsity:0.4998
    train_time:19.6843
    test_time:0.1178
Session is closed.
MNIST classification starts: 56.1620
best model trained: 26.0606
test done: 0.1400
Normalized confusion matrix
[[0.91071429 0.         0.01190476 0.00595238 0.00595238 0.01934524
  0.02380952 0.00892857 0.00892857 0.00446429]
 [0.         0.97484277 0.00251572 0.00251572 0.00125786 0.00125786
  0.00754717 0.         0.01006289 0.        ]
 [0.00548697 0.02194787 0.74348422 0.07544582 0.01508916 0.00823045
  0.04801097 0.02743484 0.05075446 0.00411523]
 [0.002849   0.02849003 0.02279202 0.83760684 0.002849   0.02991453
  0.01139601 0.02136752 0.02991453 0.01282051]
 [0.00285714 0.01428571 0.00857143 0.00428571 0.84714286 0.00285714
  0.01857143 0.00714286 0.01714286 0.07714286]
 [0.01421801 0.01579779 0.01263823 0.0821485  0.04581359 0.70616114
  0.02053712 0.02053712 0.03791469 0.04423381]
 [0.0152439  0.00914634 0.01829268 0.00152439 0.0304878  0.04268293
  0.85518293 0.00609756 0.0152439  0.00609756]
 [0.00842697 0.0505618  0.01264045 0.02106742 0.01966292 0.
  0.00702247 0.79775281 0.00702247 0.0758427 ]
 [0.01466276 0.03665689 0.02492669 0.04545455 0.02346041 0.03225806
  0.02492669 0.01466276 0.74193548 0.04105572]
 [0.01390821 0.01808067 0.01251739 0.02225313 0.09179416 0.00973574
  0.00417246 0.06258693 0.01112656 0.75382476]]

    score:0.8191
    sparsity:0.4929
    train_time:26.0606
    test_time:0.1400
Session is closed.
MNIST classification starts: 83.4447
best model trained: 33.4727
test done: 0.2043
Normalized confusion matrix
[[0.93601896 0.         0.0035545  0.00118483 0.         0.02725118
  0.01777251 0.00473934 0.007109   0.00236967]
 [0.         0.96636086 0.00611621 0.0030581  0.         0.00101937
  0.00407747 0.         0.01936799 0.        ]
 [0.01109878 0.02330744 0.78357381 0.04439512 0.0099889  0.00554939
  0.02552719 0.02885683 0.05660377 0.01109878]
 [0.00458716 0.01720183 0.02981651 0.82912844 0.00573394 0.03669725
  0.00458716 0.02408257 0.0412844  0.00688073]
 [0.00466744 0.00933489 0.01400233 0.         0.85530922 0.00350058
  0.02217036 0.00466744 0.01400233 0.07234539]
 [0.02827763 0.01413882 0.01028278 0.06426735 0.02827763 0.71208226
  0.02699229 0.01928021 0.06683805 0.02956298]
 [0.0255164  0.0145808  0.0145808  0.00486027 0.01579587 0.018226
  0.89307412 0.00607533 0.0036452  0.0036452 ]
 [0.00567537 0.04540295 0.0215664  0.01135074 0.01816118 0.00227015
  0.00340522 0.82065834 0.01021566 0.06129398]
 [0.01534829 0.02007084 0.0094451  0.02479339 0.02007084 0.04132231
  0.01652893 0.01298701 0.7957497  0.04368359]
 [0.01814059 0.01814059 0.00453515 0.01247166 0.0521542  0.00566893
  0.00113379 0.03061224 0.0170068  0.84013605]]

    score:0.8455
    sparsity:0.4995
    train_time:33.4727
    test_time:0.2043
Session is closed.
MNIST classification starts: 118.0279
best model trained: 39.5849
test done: 0.2160
Normalized confusion matrix
[[0.93265306 0.         0.01122449 0.00306122 0.00204082 0.02959184
  0.01020408 0.00204082 0.00918367 0.        ]
 [0.         0.96299559 0.00176211 0.00264317 0.         0.01057269
  0.00176211 0.         0.02026432 0.        ]
 [0.02422481 0.00775194 0.79166667 0.03875969 0.01550388 0.00968992
  0.02616279 0.01841085 0.05813953 0.00968992]
 [0.00594059 0.0049505  0.02574257 0.85247525 0.0049505  0.03861386
  0.00891089 0.01782178 0.03267327 0.00792079]
 [0.00203666 0.01323829 0.00814664 0.00407332 0.87780041 0.00509165
  0.01323829 0.00814664 0.01323829 0.05498982]
 [0.00784753 0.0044843  0.01008969 0.05269058 0.02242152 0.79484305
  0.02017937 0.02130045 0.05156951 0.01457399]
 [0.02296451 0.00730689 0.01565762 0.00104384 0.01983299 0.02296451
  0.89979123 0.00208768 0.00730689 0.00104384]
 [0.00486381 0.01653696 0.02431907 0.00680934 0.0077821  0.00194553
  0.00291829 0.88035019 0.00680934 0.04766537]
 [0.01437372 0.0174538  0.01334702 0.02772074 0.0174538  0.04312115
  0.01026694 0.01437372 0.81724846 0.02464066]
 [0.01387512 0.0099108  0.0099108  0.00891972 0.0604559  0.01585728
  0.00594648 0.03369673 0.01288404 0.82854311]]

    score:0.8655
    sparsity:0.4969
    train_time:39.5849
    test_time:0.2160
Session is closed.
MNIST classification starts: 158.7354
best model trained: 47.0652
test done: 0.2291
Normalized confusion matrix
[[9.51020408e-01 0.00000000e+00 2.04081633e-03 5.10204082e-03
  3.06122449e-03 1.42857143e-02 1.63265306e-02 2.04081633e-03
  6.12244898e-03 0.00000000e+00]
 [0.00000000e+00 9.62995595e-01 2.64317181e-03 7.04845815e-03
  8.81057269e-04 8.81057269e-04 2.64317181e-03 0.00000000e+00
  2.29074890e-02 0.00000000e+00]
 [1.35658915e-02 4.84496124e-03 7.97480620e-01 4.06976744e-02
  2.03488372e-02 4.84496124e-03 3.39147287e-02 1.93798450e-02
  6.29844961e-02 1.93798450e-03]
 [6.93069307e-03 4.95049505e-03 1.38613861e-02 8.82178218e-01
  1.98019802e-03 2.77227723e-02 4.95049505e-03 1.68316832e-02
  3.36633663e-02 6.93069307e-03]
 [1.01832994e-03 5.09164969e-03 6.10997963e-03 5.09164969e-03
  9.21588595e-01 6.10997963e-03 1.62932790e-02 6.10997963e-03
  7.12830957e-03 2.54582485e-02]
 [2.57847534e-02 6.72645740e-03 7.84753363e-03 7.73542601e-02
  1.68161435e-02 7.73542601e-01 2.24215247e-02 1.12107623e-02
  4.70852018e-02 1.12107623e-02]
 [2.08768267e-02 4.17536534e-03 1.04384134e-02 2.08768267e-03
  2.50521921e-02 2.19206681e-02 9.03966597e-01 5.21920668e-03
  5.21920668e-03 1.04384134e-03]
 [1.94552529e-03 2.04280156e-02 1.26459144e-02 1.45914397e-02
  2.72373541e-02 2.91828794e-03 2.91828794e-03 8.67704280e-01
  8.75486381e-03 4.08560311e-02]
 [7.18685832e-03 1.12936345e-02 1.12936345e-02 5.13347023e-02
  2.05338809e-02 2.66940452e-02 8.21355236e-03 1.02669405e-02
  8.34702259e-01 1.84804928e-02]
 [8.91972250e-03 7.92864222e-03 2.97324083e-03 1.38751239e-02
  1.14965312e-01 3.96432111e-03 9.91080278e-04 4.45986125e-02
  1.68483647e-02 7.84935580e-01]]

    score:0.8697
    sparsity:0.5013
    train_time:47.0652
    test_time:0.2291
Session is closed.
MNIST classification starts: 206.9511
best model trained: 54.1289
test done: 0.2652
Normalized confusion matrix
[[9.53061224e-01 0.00000000e+00 4.08163265e-03 5.10204082e-03
  5.10204082e-03 1.32653061e-02 1.22448980e-02 1.02040816e-03
  4.08163265e-03 2.04081633e-03]
 [0.00000000e+00 9.76211454e-01 2.64317181e-03 1.76211454e-03
  1.76211454e-03 2.64317181e-03 3.52422907e-03 0.00000000e+00
  1.14537445e-02 0.00000000e+00]
 [1.74418605e-02 4.84496124e-03 8.42054264e-01 2.13178295e-02
  1.55038760e-02 6.78294574e-03 2.42248062e-02 1.74418605e-02
  4.65116279e-02 3.87596899e-03]
 [2.97029703e-03 9.90099010e-03 2.67326733e-02 8.59405941e-01
  2.97029703e-03 3.96039604e-02 7.92079208e-03 9.90099010e-03
  2.87128713e-02 1.18811881e-02]
 [2.03665988e-03 1.52749491e-02 9.16496945e-03 3.05498982e-03
  8.76782077e-01 4.07331976e-03 2.03665988e-02 8.14663951e-03
  6.10997963e-03 5.49898167e-02]
 [6.72645740e-03 1.45739910e-02 1.00896861e-02 5.04484305e-02
  2.35426009e-02 8.12780269e-01 2.46636771e-02 1.34529148e-02
  2.91479821e-02 1.45739910e-02]
 [1.87891441e-02 6.26304802e-03 7.30688935e-03 2.08768267e-03
  1.87891441e-02 2.71398747e-02 9.09185804e-01 4.17536534e-03
  6.26304802e-03 0.00000000e+00]
 [1.94552529e-03 2.04280156e-02 2.14007782e-02 9.72762646e-03
  1.65369650e-02 3.89105058e-03 9.72762646e-04 8.74513619e-01
  3.89105058e-03 4.66926070e-02]
 [1.33470226e-02 2.56673511e-02 1.54004107e-02 2.97741273e-02
  1.54004107e-02 4.82546201e-02 6.16016427e-03 1.43737166e-02
  8.05954825e-01 2.56673511e-02]
 [1.18929633e-02 7.92864222e-03 8.91972250e-03 8.91972250e-03
  6.04558969e-02 1.18929633e-02 1.98216056e-03 3.36967294e-02
  1.28840436e-02 8.41427156e-01]]

    score:0.8769
    sparsity:0.4970
    train_time:54.1289
    test_time:0.2652
Session is closed.
MNIST classification starts: 262.4662
best model trained: 61.4825
test done: 0.2493
Normalized confusion matrix
[[9.53061224e-01 0.00000000e+00 5.10204082e-03 3.06122449e-03
  2.04081633e-03 1.12244898e-02 1.22448980e-02 3.06122449e-03
  8.16326531e-03 2.04081633e-03]
 [0.00000000e+00 9.65638767e-01 2.64317181e-03 4.40528634e-03
  8.81057269e-04 1.76211454e-03 5.28634361e-03 0.00000000e+00
  1.93832599e-02 0.00000000e+00]
 [1.16279070e-02 3.87596899e-03 8.37209302e-01 2.13178295e-02
  1.64728682e-02 1.93798450e-03 2.42248062e-02 1.25968992e-02
  6.58914729e-02 4.84496124e-03]
 [5.94059406e-03 2.97029703e-03 2.17821782e-02 8.57425743e-01
  3.96039604e-03 2.97029703e-02 3.96039604e-03 1.58415842e-02
  4.95049505e-02 8.91089109e-03]
 [2.03665988e-03 1.01832994e-02 8.14663951e-03 1.01832994e-03
  9.09368635e-01 4.07331976e-03 9.16496945e-03 6.10997963e-03
  1.83299389e-02 3.15682281e-02]
 [1.23318386e-02 3.36322870e-03 1.00896861e-02 5.71748879e-02
  2.01793722e-02 7.82511211e-01 1.79372197e-02 1.00896861e-02
  7.62331839e-02 1.00896861e-02]
 [1.77453027e-02 1.04384134e-02 2.50521921e-02 1.04384134e-03
  7.30688935e-03 1.67014614e-02 9.12317328e-01 1.04384134e-03
  8.35073069e-03 0.00000000e+00]
 [4.86381323e-03 2.33463035e-02 2.52918288e-02 1.16731518e-02
  2.04280156e-02 1.94552529e-03 1.94552529e-03 8.57976654e-01
  7.78210117e-03 4.47470817e-02]
 [8.21355236e-03 1.43737166e-02 8.21355236e-03 2.36139630e-02
  1.12936345e-02 2.15605749e-02 8.21355236e-03 1.23203285e-02
  8.76796715e-01 1.54004107e-02]
 [1.18929633e-02 1.28840436e-02 5.94648167e-03 1.38751239e-02
  7.43310208e-02 8.91972250e-03 3.96432111e-03 4.36075322e-02
  1.78394450e-02 8.06739346e-01]]

    score:0.8775
    sparsity:0.4996
    train_time:61.4825
    test_time:0.2493
Session is closed.
MNIST classification starts: 325.1252
best model trained: 68.3536
test done: 0.2884
Normalized confusion matrix
[[0.94081633 0.         0.00306122 0.00408163 0.         0.02040816
  0.0244898  0.00204082 0.00306122 0.00204082]
 [0.         0.97268722 0.00176211 0.00352423 0.00176211 0.00352423
  0.00528634 0.         0.01145374 0.        ]
 [0.01065891 0.0125969  0.84011628 0.02906977 0.0125969  0.00678295
  0.02131783 0.02616279 0.03488372 0.00581395]
 [0.0049505  0.0029703  0.02079208 0.86732673 0.0019802  0.03861386
  0.00792079 0.01485149 0.02574257 0.01485149]
 [0.00101833 0.00610998 0.00610998 0.00509165 0.88391039 0.00407332
  0.02240326 0.00610998 0.00610998 0.05906314]
 [0.00896861 0.00896861 0.01008969 0.04596413 0.02242152 0.82959641
  0.02242152 0.01345291 0.02802691 0.01008969]
 [0.01461378 0.00626305 0.00835073 0.         0.00939457 0.02087683
  0.93006263 0.00417537 0.00521921 0.00104384]
 [0.00097276 0.02042802 0.0155642  0.0077821  0.00875486 0.00389105
  0.00486381 0.88229572 0.0077821  0.04766537]
 [0.00821355 0.02258727 0.01232033 0.04620123 0.02053388 0.04209446
  0.01026694 0.02053388 0.7936345  0.02361396]
 [0.00891972 0.00891972 0.00396432 0.01288404 0.04360753 0.0049554
  0.00198216 0.03171457 0.01288404 0.87016848]]

    score:0.8826
    sparsity:0.5039
    train_time:68.3536
    test_time:0.2884
Session is closed.
MNIST classification starts: 394.7130
best model trained: 75.3030
test done: 0.2981
Normalized confusion matrix
[[0.95816327 0.         0.00204082 0.00612245 0.00204082 0.01122449
  0.01428571 0.00204082 0.00408163 0.        ]
 [0.         0.97180617 0.00352423 0.00264317 0.         0.00176211
  0.00352423 0.00264317 0.01409692 0.        ]
 [0.01937984 0.01162791 0.81976744 0.03391473 0.01550388 0.00581395
  0.02810078 0.02131783 0.04069767 0.00387597]
 [0.0019802  0.0049505  0.01683168 0.8980198  0.0019802  0.02475248
  0.00990099 0.01683168 0.01782178 0.00693069]
 [0.00305499 0.00610998 0.00712831 0.00203666 0.90325866 0.00509165
  0.01527495 0.00407332 0.01221996 0.04175153]
 [0.00896861 0.00224215 0.00672646 0.05829596 0.01233184 0.84641256
  0.02017937 0.01345291 0.02466368 0.00672646]
 [0.01983299 0.00313152 0.00835073 0.00313152 0.00730689 0.0177453
  0.93215031 0.00208768 0.00521921 0.00104384]
 [0.00389105 0.01848249 0.0233463  0.01264591 0.00875486 0.00486381
  0.00389105 0.87354086 0.00680934 0.04377432]
 [0.00821355 0.01232033 0.00718686 0.04517454 0.01334702 0.03798768
  0.00924025 0.01437372 0.83162218 0.02053388]
 [0.01189296 0.00693756 0.0049554  0.01783944 0.0654113  0.0049554
  0.         0.03666997 0.01090188 0.84043608]]

    score:0.8886
    sparsity:0.4963
    train_time:75.3030
    test_time:0.2981
Session is closed.
MNIST classification starts: 471.2722
best model trained: 1.2616
test done: 0.0117
Normalized confusion matrix
[[0.79310345 0.03448276 0.03448276 0.06896552 0.03448276 0.
  0.03448276 0.         0.         0.        ]
 [0.         0.97826087 0.         0.         0.         0.
  0.         0.         0.         0.02173913]
 [0.18421053 0.13157895 0.34210526 0.10526316 0.02631579 0.
  0.05263158 0.10526316 0.         0.05263158]
 [0.03571429 0.57142857 0.14285714 0.14285714 0.03571429 0.07142857
  0.         0.         0.         0.        ]
 [0.02439024 0.34146341 0.         0.02439024 0.14634146 0.
  0.02439024 0.02439024 0.         0.41463415]
 [0.12903226 0.29032258 0.06451613 0.06451613 0.09677419 0.19354839
  0.06451613 0.03225806 0.         0.06451613]
 [0.2        0.12       0.04       0.08       0.         0.
  0.52       0.04       0.         0.        ]
 [0.05405405 0.13513514 0.02702703 0.02702703 0.05405405 0.
  0.05405405 0.37837838 0.         0.27027027]
 [0.0952381  0.33333333 0.04761905 0.         0.04761905 0.
  0.         0.04761905 0.0952381  0.33333333]
 [0.02702703 0.21621622 0.         0.02702703 0.02702703 0.
  0.02702703 0.05405405 0.02702703 0.59459459]]

    score:0.4444
    sparsity:1.0000
    train_time:1.2616
    test_time:0.0117
Session is closed.
MNIST classification starts: 473.5561
best model trained: 7.0957
test done: 0.0326
Normalized confusion matrix
[[0.70857143 0.         0.01714286 0.01714286 0.02285714 0.05714286
  0.10857143 0.03428571 0.02857143 0.00571429]
 [0.         0.96153846 0.01282051 0.0042735  0.0042735  0.
  0.0042735  0.         0.01282051 0.        ]
 [0.02739726 0.07762557 0.52968037 0.10502283 0.03652968 0.01826484
  0.07305936 0.02739726 0.08675799 0.01826484]
 [0.02415459 0.02898551 0.07729469 0.61835749 0.02415459 0.12560386
  0.02898551 0.03381643 0.03381643 0.00483092]
 [0.00460829 0.02304147 0.03225806 0.00921659 0.73271889 0.03225806
  0.03225806 0.00921659 0.03686636 0.0875576 ]
 [0.08938547 0.02234637 0.02234637 0.08379888 0.03910615 0.55307263
  0.03910615 0.03351955 0.07821229 0.03910615]
 [0.03370787 0.01685393 0.06179775 0.00561798 0.02808989 0.07303371
  0.75842697 0.02247191 0.         0.        ]
 [0.03414634 0.10243902 0.03414634 0.0195122  0.04878049 0.0097561
  0.03414634 0.53658537 0.02439024 0.15609756]
 [0.02083333 0.04166667 0.01041667 0.10416667 0.05729167 0.06770833
  0.046875   0.0625     0.53645833 0.05208333]
 [0.01030928 0.03608247 0.01030928 0.01546392 0.07731959 0.02061856
  0.02061856 0.05154639 0.04123711 0.71649485]]

    score:0.6690
    sparsity:1.0000
    train_time:7.0957
    test_time:0.0326
Session is closed.
MNIST classification starts: 481.5212
best model trained: 13.0230
test done: 0.0705
Normalized confusion matrix
[[0.85163205 0.         0.02670623 0.0148368  0.00593472 0.03264095
  0.0504451  0.00890208 0.00593472 0.00296736]
 [0.         0.96634615 0.00480769 0.00240385 0.         0.00240385
  0.00721154 0.00240385 0.01442308 0.        ]
 [0.02356021 0.04973822 0.70680628 0.04450262 0.0052356  0.0052356
  0.04188482 0.07329843 0.04450262 0.0052356 ]
 [0.00795756 0.02122016 0.0397878  0.75066313 0.00530504 0.066313
  0.01061008 0.04509284 0.04244032 0.01061008]
 [0.00767263 0.01534527 0.03580563 0.00767263 0.74936061 0.01534527
  0.02557545 0.0230179  0.01278772 0.10741688]
 [0.03264095 0.00296736 0.01186944 0.10979228 0.05341246 0.55489614
  0.04154303 0.07715134 0.09198813 0.02373887]
 [0.02898551 0.0115942  0.03478261 0.0173913  0.04057971 0.0173913
  0.76811594 0.02608696 0.0115942  0.04347826]
 [0.00519481 0.07012987 0.03116883 0.01298701 0.03376623 0.01558442
  0.01558442 0.72467532 0.03636364 0.05454545]
 [0.01714286 0.04       0.04285714 0.06285714 0.03142857 0.06857143
  0.01714286 0.02571429 0.65142857 0.04285714]
 [0.00867052 0.03179191 0.01156069 0.01445087 0.10404624 0.01445087
  0.01734104 0.06358382 0.01734104 0.71676301]]

    score:0.7480
    sparsity:1.0000
    train_time:13.0230
    test_time:0.0705
Session is closed.
MNIST classification starts: 495.4955
best model trained: 19.7758
test done: 0.0992
Normalized confusion matrix
[[0.89314516 0.         0.0141129  0.0141129  0.00201613 0.02620968
  0.02419355 0.01008065 0.01612903 0.        ]
 [0.         0.95737705 0.00163934 0.01311475 0.00163934 0.00327869
  0.00655738 0.         0.01639344 0.        ]
 [0.02146691 0.02146691 0.66189624 0.12880143 0.00715564 0.00536673
  0.02683363 0.04293381 0.08050089 0.00357782]
 [0.00375235 0.00562852 0.0206379  0.80487805 0.00750469 0.08067542
  0.01125704 0.03752345 0.02251407 0.00562852]
 [0.         0.0130597  0.01679104 0.01492537 0.80970149 0.00559701
  0.03731343 0.01679104 0.0130597  0.07276119]
 [0.02282158 0.01244813 0.01659751 0.1120332  0.03112033 0.64315353
  0.03319502 0.0373444  0.08091286 0.01037344]
 [0.01616162 0.01414141 0.04848485 0.01414141 0.02424242 0.03434343
  0.82020202 0.01616162 0.01010101 0.0020202 ]
 [0.00549451 0.03846154 0.02380952 0.02747253 0.02197802 0.003663
  0.01465201 0.81684982 0.01648352 0.03113553]
 [0.01730769 0.01538462 0.00961538 0.07115385 0.02692308 0.05
  0.01923077 0.03653846 0.74807692 0.00576923]
 [0.01438849 0.01798561 0.01438849 0.02517986 0.11690647 0.00539568
  0.01079137 0.11330935 0.01618705 0.66546763]]

    score:0.7840
    sparsity:1.0000
    train_time:19.7758
    test_time:0.0992
Session is closed.
MNIST classification starts: 516.2855
best model trained: 26.0656
test done: 0.1418
Normalized confusion matrix
[[0.94940476 0.         0.0014881  0.00446429 0.         0.01636905
  0.01190476 0.00297619 0.01190476 0.0014881 ]
 [0.         0.96981132 0.00125786 0.00754717 0.         0.00251572
  0.00880503 0.         0.01006289 0.        ]
 [0.02057613 0.03017833 0.79423868 0.03292181 0.00960219 0.00274348
  0.03017833 0.03155007 0.04115226 0.00685871]
 [0.00854701 0.00997151 0.03133903 0.81481481 0.002849   0.03703704
  0.01994302 0.02991453 0.03988604 0.00569801]
 [0.00142857 0.00857143 0.01571429 0.00285714 0.81857143 0.00714286
  0.03285714 0.01142857 0.00285714 0.09857143]
 [0.01895735 0.01263823 0.01263823 0.09952607 0.03475513 0.68246445
  0.03475513 0.02053712 0.06319115 0.02053712]
 [0.0304878  0.00914634 0.02591463 0.0152439  0.02743902 0.0304878
  0.81859756 0.02286585 0.00914634 0.01067073]
 [0.00702247 0.03651685 0.02247191 0.02106742 0.01404494 0.00421348
  0.01685393 0.81460674 0.00842697 0.05477528]
 [0.01173021 0.01906158 0.01612903 0.0542522  0.03079179 0.02785924
  0.03225806 0.02492669 0.74926686 0.03372434]
 [0.01668985 0.01390821 0.01251739 0.01808067 0.07788595 0.00417246
  0.01808067 0.0403338  0.00834492 0.78998609]]

    score:0.8230
    sparsity:1.0000
    train_time:26.0656
    test_time:0.1418
Session is closed.
MNIST classification starts: 543.5849
best model trained: 33.5810
test done: 0.1857
Normalized confusion matrix
[[0.90758294 0.         0.01184834 0.00592417 0.007109   0.02488152
  0.01658768 0.00236967 0.01540284 0.00829384]
 [0.         0.95922528 0.00407747 0.00611621 0.00203874 0.00101937
  0.00509684 0.         0.0224261  0.        ]
 [0.02108768 0.01553829 0.78246393 0.03218646 0.01775805 0.00332963
  0.03218646 0.03107658 0.05438402 0.0099889 ]
 [0.00688073 0.00688073 0.03440367 0.84059633 0.00114679 0.0309633
  0.0103211  0.02178899 0.03211009 0.01490826]
 [0.00350058 0.00700117 0.01750292 0.00466744 0.85180863 0.00233372
  0.02450408 0.00700117 0.01400233 0.06767795]
 [0.00899743 0.01542416 0.01928021 0.07583548 0.01799486 0.74550129
  0.01028278 0.00899743 0.06426735 0.03341902]
 [0.00972053 0.00850547 0.05346294 0.0072904  0.02430134 0.03888214
  0.82746051 0.01944107 0.00850547 0.00243013]
 [0.00113507 0.0261067  0.04199773 0.01021566 0.01816118 0.00681044
  0.01135074 0.78433598 0.00227015 0.09761635]
 [0.01534829 0.01298701 0.04014168 0.03423849 0.01534829 0.05194805
  0.00826446 0.0094451  0.78748524 0.02479339]
 [0.00907029 0.01020408 0.00907029 0.02040816 0.06122449 0.01020408
  0.00566893 0.01927438 0.01360544 0.84126984]]

    score:0.8350
    sparsity:1.0000
    train_time:33.5810
    test_time:0.1857
Session is closed.
MNIST classification starts: 578.2566
best model trained: 40.0150
test done: 0.2188
Normalized confusion matrix
[[0.93061224 0.         0.01020408 0.00306122 0.00204082 0.0122449
  0.03571429 0.00102041 0.00306122 0.00204082]
 [0.         0.96475771 0.00528634 0.00528634 0.00352423 0.
  0.00528634 0.         0.01585903 0.        ]
 [0.01550388 0.00968992 0.78585271 0.04166667 0.02228682 0.00290698
  0.03197674 0.02325581 0.05232558 0.01453488]
 [0.0049505  0.0029703  0.02178218 0.85346535 0.0049505  0.03366337
  0.00990099 0.01881188 0.03465347 0.01485149]
 [0.00407332 0.0101833  0.01425662 0.00407332 0.84928717 0.00407332
  0.01425662 0.00509165 0.01120163 0.08350305]
 [0.01569507 0.01121076 0.01457399 0.05829596 0.03811659 0.73318386
  0.03475336 0.0190583  0.04596413 0.02914798]
 [0.00730689 0.00835073 0.02296451 0.00626305 0.01148225 0.02192067
  0.89352818 0.01670146 0.00626305 0.00521921]
 [0.00291829 0.02237354 0.02723735 0.01848249 0.01750973 0.00389105
  0.01361868 0.80933852 0.00875486 0.07587549]
 [0.00513347 0.01540041 0.01540041 0.0349076  0.0174538  0.0164271
  0.02053388 0.01129363 0.83162218 0.03182752]
 [0.01585728 0.00891972 0.00594648 0.01783944 0.04856293 0.00297324
  0.00198216 0.02279485 0.00396432 0.87115956]]

    score:0.8545
    sparsity:1.0000
    train_time:40.0150
    test_time:0.2188
Session is closed.
MNIST classification starts: 619.4024
best model trained: 47.2370
test done: 0.2361
Normalized confusion matrix
[[0.94081633 0.         0.01530612 0.00408163 0.00102041 0.01734694
  0.01020408 0.00408163 0.00612245 0.00102041]
 [0.         0.96563877 0.00440529 0.00704846 0.00176211 0.00176211
  0.00440529 0.         0.01497797 0.        ]
 [0.01356589 0.00581395 0.83914729 0.03197674 0.01453488 0.00290698
  0.03100775 0.01453488 0.04457364 0.00193798]
 [0.0049505  0.0049505  0.03465347 0.85841584 0.00594059 0.03861386
  0.00792079 0.01287129 0.02277228 0.00891089]
 [0.00101833 0.00509165 0.01832994 0.00407332 0.86863544 0.01120163
  0.01629328 0.00814664 0.0101833  0.05702648]
 [0.01457399 0.00784753 0.01681614 0.05044843 0.01793722 0.80717489
  0.02130045 0.02017937 0.03587444 0.00784753]
 [0.01565762 0.00626305 0.03653445 0.00417537 0.00730689 0.02192067
  0.88517745 0.01565762 0.00521921 0.00208768]
 [0.00680934 0.01653696 0.03307393 0.0155642  0.01361868 0.00583658
  0.01167315 0.85311284 0.00486381 0.03891051]
 [0.0174538  0.01334702 0.02977413 0.04928131 0.01232033 0.05441478
  0.01540041 0.0164271  0.775154   0.0164271 ]
 [0.0148662  0.00693756 0.01189296 0.01189296 0.03865213 0.0148662
  0.00099108 0.04757185 0.00891972 0.84340932]]

    score:0.8655
    sparsity:1.0000
    train_time:47.2370
    test_time:0.2361
Session is closed.
MNIST classification starts: 667.8012
best model trained: 54.4138
test done: 0.2470
Normalized confusion matrix
[[9.34693878e-01 0.00000000e+00 8.16326531e-03 3.06122449e-03
  2.04081633e-03 1.73469388e-02 1.93877551e-02 5.10204082e-03
  9.18367347e-03 1.02040816e-03]
 [0.00000000e+00 9.59471366e-01 4.40528634e-03 1.76211454e-03
  0.00000000e+00 1.76211454e-03 3.52422907e-03 8.81057269e-04
  2.81938326e-02 0.00000000e+00]
 [9.68992248e-03 1.06589147e-02 8.41085271e-01 2.51937984e-02
  1.16279070e-02 6.78294574e-03 1.93798450e-02 2.71317829e-02
  4.65116279e-02 1.93798450e-03]
 [3.96039604e-03 3.96039604e-03 2.77227723e-02 8.48514851e-01
  3.96039604e-03 3.16831683e-02 6.93069307e-03 2.27722772e-02
  4.25742574e-02 7.92079208e-03]
 [2.03665988e-03 6.10997963e-03 2.03665988e-02 2.03665988e-03
  8.65580448e-01 3.05498982e-03 1.32382892e-02 5.09164969e-03
  1.93482688e-02 6.31364562e-02]
 [1.45739910e-02 3.36322870e-03 1.00896861e-02 7.17488789e-02
  2.80269058e-02 7.45515695e-01 2.69058296e-02 1.56950673e-02
  6.72645740e-02 1.68161435e-02]
 [2.29645094e-02 5.21920668e-03 3.02713987e-02 4.17536534e-03
  1.04384134e-02 8.35073069e-03 8.95615866e-01 1.25260960e-02
  8.35073069e-03 2.08768267e-03]
 [3.89105058e-03 2.43190661e-02 2.62645914e-02 1.75097276e-02
  1.36186770e-02 3.89105058e-03 6.80933852e-03 8.47276265e-01
  1.16731518e-02 4.47470817e-02]
 [9.24024641e-03 1.23203285e-02 1.95071869e-02 2.46406571e-02
  1.33470226e-02 1.54004107e-02 8.21355236e-03 1.02669405e-02
  8.66529774e-01 2.05338809e-02]
 [1.38751239e-02 7.92864222e-03 8.91972250e-03 1.09018831e-02
  4.26164519e-02 7.92864222e-03 3.96432111e-03 2.97324083e-02
  1.58572844e-02 8.58275520e-01]]

    score:0.8684
    sparsity:1.0000
    train_time:54.4138
    test_time:0.2470
Session is closed.
MNIST classification starts: 723.5779
best model trained: 61.5708
test done: 0.2620
Normalized confusion matrix
[[0.95408163 0.         0.00612245 0.00612245 0.00306122 0.00918367
  0.0122449  0.00306122 0.00612245 0.        ]
 [0.         0.969163   0.00528634 0.00264317 0.00176211 0.00176211
  0.00264317 0.         0.01674009 0.        ]
 [0.01065891 0.00678295 0.85465116 0.02906977 0.01162791 0.00484496
  0.02131783 0.01647287 0.03972868 0.00484496]
 [0.00594059 0.0019802  0.02673267 0.84950495 0.0039604  0.02970297
  0.01089109 0.02277228 0.03069307 0.01782178]
 [0.00101833 0.00712831 0.0101833  0.00305499 0.87270876 0.00610998
  0.01629328 0.00712831 0.00916497 0.06720978]
 [0.01121076 0.00672646 0.0044843  0.04932735 0.02466368 0.77802691
  0.03139013 0.01008969 0.05156951 0.03251121]
 [0.01461378 0.00626305 0.01670146 0.00939457 0.01565762 0.02400835
  0.8914405  0.01356994 0.00835073 0.        ]
 [0.00291829 0.01945525 0.0311284  0.0233463  0.01459144 0.00194553
  0.00389105 0.82101167 0.00875486 0.0729572 ]
 [0.01232033 0.01334702 0.0164271  0.03080082 0.0174538  0.02566735
  0.01026694 0.00616016 0.83983573 0.02772074]
 [0.0099108  0.00792864 0.00792864 0.0099108  0.03666997 0.01090188
  0.00693756 0.01684836 0.00693756 0.88602577]]

    score:0.8736
    sparsity:1.0000
    train_time:61.5708
    test_time:0.2620
Session is closed.
MNIST classification starts: 786.3383
best model trained: 68.9045
test done: 0.2644
Normalized confusion matrix
[[9.39795918e-01 0.00000000e+00 6.12244898e-03 5.10204082e-03
  0.00000000e+00 2.14285714e-02 1.83673469e-02 4.08163265e-03
  5.10204082e-03 0.00000000e+00]
 [0.00000000e+00 9.64757709e-01 2.64317181e-03 1.76211454e-03
  8.81057269e-04 8.81057269e-04 3.52422907e-03 0.00000000e+00
  2.55506608e-02 0.00000000e+00]
 [1.06589147e-02 5.81395349e-03 8.64341085e-01 2.42248062e-02
  9.68992248e-03 6.78294574e-03 1.84108527e-02 1.35658915e-02
  4.26356589e-02 3.87596899e-03]
 [3.96039604e-03 4.95049505e-03 3.36633663e-02 8.40594059e-01
  9.90099010e-04 3.96039604e-02 8.91089109e-03 2.67326733e-02
  2.97029703e-02 1.08910891e-02]
 [2.03665988e-03 2.03665988e-03 1.52749491e-02 4.07331976e-03
  8.83910387e-01 4.07331976e-03 2.03665988e-02 7.12830957e-03
  1.83299389e-02 4.27698574e-02]
 [7.84753363e-03 3.36322870e-03 1.34529148e-02 3.36322870e-02
  1.68161435e-02 8.19506726e-01 3.13901345e-02 1.56950673e-02
  5.15695067e-02 6.72645740e-03]
 [9.39457203e-03 5.21920668e-03 1.87891441e-02 3.13152401e-03
  8.35073069e-03 3.13152401e-02 9.03966597e-01 5.21920668e-03
  1.46137787e-02 0.00000000e+00]
 [9.72762646e-04 1.65369650e-02 4.18287938e-02 9.72762646e-03
  7.78210117e-03 5.83657588e-03 7.78210117e-03 8.72568093e-01
  5.83657588e-03 3.11284047e-02]
 [7.18685832e-03 6.16016427e-03 1.33470226e-02 1.95071869e-02
  5.13347023e-03 3.28542094e-02 1.02669405e-02 1.74537988e-02
  8.81930185e-01 6.16016427e-03]
 [6.93756194e-03 6.93756194e-03 6.93756194e-03 1.18929633e-02
  5.15361744e-02 1.09018831e-02 3.96432111e-03 2.97324083e-02
  2.37859267e-02 8.47373637e-01]]

    score:0.8833
    sparsity:1.0000
    train_time:68.9045
    test_time:0.2644
Session is closed.
MNIST classification starts: 856.4431
best model trained: 75.7339
test done: 0.2976
Normalized confusion matrix
[[9.57142857e-01 0.00000000e+00 8.16326531e-03 3.06122449e-03
  0.00000000e+00 1.12244898e-02 1.32653061e-02 2.04081633e-03
  4.08163265e-03 1.02040816e-03]
 [0.00000000e+00 9.68281938e-01 2.64317181e-03 3.52422907e-03
  8.81057269e-04 2.64317181e-03 4.40528634e-03 0.00000000e+00
  1.76211454e-02 0.00000000e+00]
 [1.55038760e-02 7.75193798e-03 8.37209302e-01 3.58527132e-02
  1.16279070e-02 1.93798450e-03 2.32558140e-02 2.61627907e-02
  3.39147287e-02 6.78294574e-03]
 [7.92079208e-03 4.95049505e-03 1.88118812e-02 8.70297030e-01
  2.97029703e-03 3.06930693e-02 3.96039604e-03 2.07920792e-02
  2.97029703e-02 9.90099010e-03]
 [0.00000000e+00 4.07331976e-03 9.16496945e-03 4.07331976e-03
  9.05295316e-01 2.03665988e-03 1.73116090e-02 9.16496945e-03
  9.16496945e-03 3.97148676e-02]
 [1.23318386e-02 8.96860987e-03 8.96860987e-03 6.05381166e-02
  2.13004484e-02 8.00448430e-01 2.46636771e-02 1.56950673e-02
  3.47533632e-02 1.23318386e-02]
 [1.35699374e-02 1.04384134e-02 1.77453027e-02 4.17536534e-03
  1.98329854e-02 2.29645094e-02 8.89352818e-01 1.14822547e-02
  7.30688935e-03 3.13152401e-03]
 [9.72762646e-04 1.55642023e-02 3.50194553e-02 9.72762646e-03
  5.83657588e-03 6.80933852e-03 4.86381323e-03 8.73540856e-01
  5.83657588e-03 4.18287938e-02]
 [1.64271047e-02 1.33470226e-02 1.43737166e-02 3.59342916e-02
  1.54004107e-02 2.56673511e-02 1.12936345e-02 1.64271047e-02
  8.28542094e-01 2.25872690e-02]
 [1.18929633e-02 5.94648167e-03 5.94648167e-03 1.38751239e-02
  4.95540139e-02 1.38751239e-02 9.91080278e-04 3.46878097e-02
  1.09018831e-02 8.52329039e-01]]

    score:0.8800
    sparsity:1.0000
    train_time:75.7339
    test_time:0.2976
Session is closed.
