nyx7010
2018-07-15 14:13:06.318209: W tensorflow/core/platform/cpu_feature_guard.cc:45] The TensorFlow library wasn't compiled to use SSE4.1 instructions, but these are available on your machine and could speed up CPU computations.
2018-07-15 14:13:06.318303: W tensorflow/core/platform/cpu_feature_guard.cc:45] The TensorFlow library wasn't compiled to use SSE4.2 instructions, but these are available on your machine and could speed up CPU computations.
2018-07-15 14:13:06.318318: W tensorflow/core/platform/cpu_feature_guard.cc:45] The TensorFlow library wasn't compiled to use AVX instructions, but these are available on your machine and could speed up CPU computations.
2018-07-15 14:13:06.318330: W tensorflow/core/platform/cpu_feature_guard.cc:45] The TensorFlow library wasn't compiled to use AVX2 instructions, but these are available on your machine and could speed up CPU computations.
2018-07-15 14:13:06.318342: W tensorflow/core/platform/cpu_feature_guard.cc:45] The TensorFlow library wasn't compiled to use FMA instructions, but these are available on your machine and could speed up CPU computations.
MNIST classification starts: 3.8300
best model trained: 13.0815
test done: 0.0160
Normalized confusion matrix
[[0.75862069 0.         0.         0.03448276 0.03448276 0.03448276
  0.10344828 0.03448276 0.         0.        ]
 [0.02173913 0.7173913  0.         0.04347826 0.         0.2173913
  0.         0.         0.         0.        ]
 [0.10526316 0.13157895 0.5        0.05263158 0.05263158 0.02631579
  0.02631579 0.10526316 0.         0.        ]
 [0.07142857 0.17857143 0.10714286 0.42857143 0.03571429 0.07142857
  0.         0.10714286 0.         0.        ]
 [0.02439024 0.14634146 0.07317073 0.04878049 0.6097561  0.07317073
  0.02439024 0.         0.         0.        ]
 [0.09677419 0.25806452 0.         0.35483871 0.09677419 0.16129032
  0.03225806 0.         0.         0.        ]
 [0.12       0.08       0.12       0.08       0.08       0.
  0.48       0.04       0.         0.        ]
 [0.         0.10810811 0.10810811 0.05405405 0.05405405 0.
  0.02702703 0.62162162 0.02702703 0.        ]
 [0.04761905 0.33333333 0.04761905 0.04761905 0.0952381  0.04761905
  0.         0.0952381  0.28571429 0.        ]
 [0.02702703 0.10810811 0.18918919 0.05405405 0.16216216 0.02702703
  0.         0.35135135 0.05405405 0.02702703]]

    score:0.4745
    sparsity:0.4983
    train_time:13.0815
    test_time:0.0160
Session is closed.
MNIST classification starts: 18.2306
best model trained: 7.8326
test done: 0.0478
Normalized confusion matrix
[[0.77714286 0.         0.02857143 0.00571429 0.01714286 0.02857143
  0.03428571 0.00571429 0.10285714 0.        ]
 [0.         0.97863248 0.         0.         0.         0.
  0.01709402 0.         0.0042735  0.        ]
 [0.02283105 0.04109589 0.59360731 0.06849315 0.02283105 0.00913242
  0.05936073 0.06849315 0.10502283 0.00913242]
 [0.00966184 0.08695652 0.04347826 0.60869565 0.02415459 0.08695652
  0.02415459 0.0531401  0.0531401  0.00966184]
 [0.00921659 0.02304147 0.02764977 0.00921659 0.69585253 0.02304147
  0.03686636 0.04147465 0.01382488 0.11981567]
 [0.02234637 0.01675978 0.01117318 0.11731844 0.04469274 0.59776536
  0.03351955 0.03351955 0.08938547 0.03351955]
 [0.02808989 0.01123596 0.07303371 0.00561798 0.05617978 0.05617978
  0.7247191  0.00561798 0.03932584 0.        ]
 [0.00487805 0.06341463 0.02926829 0.0195122  0.0195122  0.0097561
  0.0097561  0.66829268 0.03414634 0.14146341]
 [0.01041667 0.02604167 0.015625   0.046875   0.11979167 0.07291667
  0.02083333 0.046875   0.55729167 0.08333333]
 [0.01030928 0.01546392 0.00515464 0.03092784 0.1185567  0.01030928
  0.01030928 0.05154639 0.01546392 0.73195876]]

    score:0.6970
    sparsity:0.4930
    train_time:7.8326
    test_time:0.0478
Session is closed.
MNIST classification starts: 27.0460
best model trained: 14.5141
test done: 0.0691
Normalized confusion matrix
[[0.884273   0.         0.00890208 0.00296736 0.00296736 0.04154303
  0.02373887 0.0148368  0.02077151 0.        ]
 [0.         0.93509615 0.00721154 0.02163462 0.00240385 0.00721154
  0.00961538 0.00240385 0.01201923 0.00240385]
 [0.01308901 0.03141361 0.7382199  0.04712042 0.0052356  0.0104712
  0.05235602 0.03664921 0.05497382 0.0104712 ]
 [0.00795756 0.0265252  0.04509284 0.67108753 0.0132626  0.11140584
  0.01591512 0.02917772 0.0530504  0.0265252 ]
 [0.01278772 0.00767263 0.02046036 0.01023018 0.75191816 0.02046036
  0.0230179  0.03580563 0.02813299 0.08951407]
 [0.04154303 0.01186944 0.01186944 0.06824926 0.03560831 0.6379822
  0.02967359 0.05934718 0.06231454 0.04154303]
 [0.02028986 0.01449275 0.03478261 0.00289855 0.03188406 0.04637681
  0.8115942  0.02898551 0.00869565 0.        ]
 [0.01038961 0.08311688 0.02857143 0.01038961 0.02337662 0.00519481
  0.0025974  0.75064935 0.00779221 0.07792208]
 [0.02857143 0.02571429 0.01714286 0.05142857 0.02       0.07142857
  0.04285714 0.02       0.67428571 0.04857143]
 [0.01445087 0.01445087 0.00578035 0.00578035 0.07803468 0.03179191
  0.01156069 0.06647399 0.01445087 0.75722543]]

    score:0.7632
    sparsity:0.4967
    train_time:14.5141
    test_time:0.0691
Session is closed.
MNIST classification starts: 42.5914
best model trained: 21.9321
test done: 0.1228
Normalized confusion matrix
[[0.84274194 0.         0.02620968 0.00403226 0.         0.07862903
  0.02822581 0.00403226 0.01209677 0.00403226]
 [0.         0.9557377  0.00327869 0.00491803 0.00327869 0.01639344
  0.00983607 0.         0.00655738 0.        ]
 [0.00894454 0.0411449  0.74776386 0.04472272 0.00536673 0.01073345
  0.04472272 0.03398927 0.06261181 0.        ]
 [0.00375235 0.0206379  0.04878049 0.71857411 0.00562852 0.12195122
  0.01313321 0.04315197 0.01125704 0.01313321]
 [0.00932836 0.01119403 0.01865672 0.01679104 0.80597015 0.01492537
  0.01865672 0.00932836 0.0130597  0.08208955]
 [0.01659751 0.01659751 0.01037344 0.03941909 0.02282158 0.74481328
  0.01659751 0.02282158 0.06016598 0.04979253]
 [0.02828283 0.02626263 0.07676768 0.         0.02222222 0.07676768
  0.75353535 0.00808081 0.00808081 0.        ]
 [0.00549451 0.05311355 0.02014652 0.01282051 0.03113553 0.01648352
  0.00549451 0.77838828 0.01648352 0.06043956]
 [0.00961538 0.02884615 0.02692308 0.07884615 0.02884615 0.07884615
  0.00769231 0.02307692 0.69038462 0.02692308]
 [0.00719424 0.01438849 0.00719424 0.01618705 0.10431655 0.01978417
  0.00719424 0.07733813 0.01438849 0.73201439]]

    score:0.7795
    sparsity:0.4962
    train_time:21.9321
    test_time:0.1228
Session is closed.
MNIST classification starts: 65.6275
best model trained: 29.2835
test done: 0.1669
Normalized confusion matrix
[[0.90922619 0.         0.00446429 0.00744048 0.         0.02529762
  0.0327381  0.00446429 0.01488095 0.0014881 ]
 [0.         0.96477987 0.00251572 0.00503145 0.         0.00754717
  0.00503145 0.         0.01509434 0.        ]
 [0.01234568 0.01783265 0.77914952 0.04389575 0.01646091 0.00548697
  0.02743484 0.02880658 0.05898491 0.00960219]
 [0.00712251 0.01282051 0.01994302 0.82621083 0.0042735  0.04700855
  0.00712251 0.01566952 0.04700855 0.01282051]
 [0.00142857 0.01142857 0.01142857 0.00571429 0.81428571 0.00714286
  0.02428571 0.01142857 0.02571429 0.08714286]
 [0.02053712 0.00947867 0.00947867 0.08530806 0.02053712 0.71090047
  0.01895735 0.02685624 0.07109005 0.02685624]
 [0.02439024 0.00914634 0.03353659 0.00609756 0.03963415 0.02591463
  0.82926829 0.00609756 0.02134146 0.00457317]
 [0.00280899 0.04353933 0.01404494 0.01685393 0.01825843 0.00842697
  0.00140449 0.79353933 0.01685393 0.08426966]
 [0.01319648 0.01759531 0.01906158 0.04105572 0.02639296 0.03079179
  0.00733138 0.01173021 0.79912023 0.03372434]
 [0.01112656 0.00973574 0.00417246 0.01112656 0.08623088 0.01529903
  0.00834492 0.03755216 0.02225313 0.79415855]]

    score:0.8244
    sparsity:0.5066
    train_time:29.2835
    test_time:0.1669
Session is closed.
MNIST classification starts: 96.2938
best model trained: 37.7930
test done: 0.2102
Normalized confusion matrix
[[0.93127962 0.         0.00592417 0.00829384 0.00236967 0.01895735
  0.02369668 0.00473934 0.00473934 0.        ]
 [0.         0.97247706 0.00509684 0.00407747 0.00203874 0.
  0.00611621 0.00101937 0.00917431 0.        ]
 [0.01109878 0.02330744 0.79134295 0.05438402 0.01109878 0.00554939
  0.03218646 0.0299667  0.03662597 0.00443951]
 [0.00573394 0.00802752 0.0206422  0.86353211 0.00229358 0.0309633
  0.00458716 0.03440367 0.02178899 0.00802752]
 [0.00933489 0.01283547 0.01400233 0.00350058 0.84130688 0.00116686
  0.02567095 0.00700117 0.01400233 0.07117853]
 [0.01542416 0.01028278 0.00771208 0.09125964 0.01928021 0.73521851
  0.02827763 0.02956298 0.03213368 0.03084833]
 [0.02430134 0.00972053 0.018226   0.         0.018226   0.0255164
  0.89428919 0.0036452  0.00607533 0.        ]
 [0.0045403  0.04086266 0.02043133 0.01135074 0.00567537 0.00340522
  0.00567537 0.84903519 0.0045403  0.05448354]
 [0.01652893 0.02361275 0.01652893 0.06493506 0.02125148 0.04250295
  0.01652893 0.02597403 0.74380165 0.0283353 ]
 [0.01247166 0.01133787 0.00793651 0.02267574 0.05668934 0.00793651
  0.         0.0521542  0.01587302 0.81292517]]

    score:0.8458
    sparsity:0.5038
    train_time:37.7930
    test_time:0.2102
Session is closed.
MNIST classification starts: 135.3058
best model trained: 44.7893
test done: 0.2330
Normalized confusion matrix
[[0.94081633 0.         0.00408163 0.00714286 0.00102041 0.0244898
  0.01428571 0.00306122 0.00306122 0.00204082]
 [0.         0.96563877 0.00528634 0.00352423 0.00264317 0.00176211
  0.00352423 0.         0.01762115 0.        ]
 [0.02325581 0.01841085 0.83914729 0.02713178 0.01550388 0.00678295
  0.01550388 0.02131783 0.02713178 0.00581395]
 [0.01287129 0.00891089 0.03366337 0.84158416 0.0049505  0.03564356
  0.0049505  0.02277228 0.02574257 0.00891089]
 [0.00101833 0.00712831 0.00509165 0.00101833 0.91955193 0.00305499
  0.01527495 0.00203666 0.00509165 0.0407332 ]
 [0.01008969 0.00672646 0.01121076 0.06838565 0.02802691 0.81950673
  0.01793722 0.01008969 0.01681614 0.01121076]
 [0.02192067 0.00939457 0.02087683 0.00104384 0.02400835 0.03549061
  0.87787056 0.00313152 0.00521921 0.00104384]
 [0.01167315 0.03015564 0.02918288 0.00680934 0.02042802 0.00680934
  0.         0.82392996 0.01070039 0.06031128]
 [0.01950719 0.01540041 0.01334702 0.03901437 0.02053388 0.06262834
  0.01232033 0.0174538  0.7761807  0.02361396]
 [0.01684836 0.0099108  0.0049554  0.01684836 0.08622398 0.0099108
  0.00693756 0.03171457 0.01387512 0.80277502]]

    score:0.8622
    sparsity:0.5008
    train_time:44.7893
    test_time:0.2330
Session is closed.
MNIST classification starts: 181.3176
best model trained: 54.4812
test done: 0.2430
Normalized confusion matrix
[[0.93571429 0.         0.01632653 0.00306122 0.00204082 0.01530612
  0.01632653 0.00408163 0.00612245 0.00102041]
 [0.         0.95770925 0.01321586 0.00528634 0.         0.00528634
  0.00264317 0.         0.01585903 0.        ]
 [0.01647287 0.01065891 0.84786822 0.02810078 0.01744186 0.00290698
  0.02228682 0.01550388 0.03488372 0.00387597]
 [0.0019802  0.0009901  0.02970297 0.85742574 0.0019802  0.04455446
  0.0039604  0.02079208 0.02871287 0.00990099]
 [0.00203666 0.00407332 0.01527495 0.00203666 0.9114053  0.00101833
  0.01221996 0.00814664 0.01120163 0.03258656]
 [0.01008969 0.00896861 0.01569507 0.0661435  0.0235426  0.79820628
  0.01681614 0.01457399 0.03475336 0.01121076]
 [0.02296451 0.00626305 0.01983299 0.00313152 0.0177453  0.02713987
  0.88413361 0.00521921 0.00730689 0.00626305]
 [0.00291829 0.01750973 0.03307393 0.01167315 0.01459144 0.00194553
  0.00291829 0.86867704 0.00486381 0.04182879]
 [0.01026694 0.01540041 0.02772074 0.05030801 0.01848049 0.04414784
  0.00924025 0.01334702 0.78850103 0.02258727]
 [0.0148662  0.00792864 0.00792864 0.01684836 0.07333994 0.01189296
  0.00297324 0.05252725 0.0099108  0.80178394]]

    score:0.8669
    sparsity:0.5030
    train_time:54.4812
    test_time:0.2430
Session is closed.
MNIST classification starts: 237.0733
best model trained: 62.4648
test done: 0.2578
Normalized confusion matrix
[[0.95612245 0.         0.00306122 0.00306122 0.00306122 0.01734694
  0.00816327 0.00204082 0.00714286 0.        ]
 [0.         0.96035242 0.00264317 0.00969163 0.00264317 0.00352423
  0.00352423 0.         0.01762115 0.        ]
 [0.01937984 0.00872093 0.84399225 0.03197674 0.01647287 0.00290698
  0.01550388 0.01841085 0.0377907  0.00484496]
 [0.0019802  0.0029703  0.01584158 0.90891089 0.0019802  0.02277228
  0.0029703  0.01584158 0.01584158 0.01089109]
 [0.00305499 0.00509165 0.00814664 0.00407332 0.90733198 0.00407332
  0.0101833  0.00203666 0.0101833  0.04582485]
 [0.0235426  0.00896861 0.00896861 0.06390135 0.02130045 0.79596413
  0.02242152 0.0190583  0.0235426  0.01233184]
 [0.02609603 0.00521921 0.0125261  0.00730689 0.01670146 0.02296451
  0.89874739 0.00208768 0.00626305 0.00208768]
 [0.00194553 0.01945525 0.0233463  0.01264591 0.01361868 0.00486381
  0.00097276 0.86478599 0.00583658 0.05252918]
 [0.01129363 0.01026694 0.01129363 0.0513347  0.02669405 0.0338809
  0.00718686 0.02464066 0.80082136 0.02258727]
 [0.0148662  0.00297324 0.01189296 0.01585728 0.06640238 0.00792864
  0.         0.03369673 0.00891972 0.83746283]]

    score:0.8792
    sparsity:0.5018
    train_time:62.4648
    test_time:0.2578
Session is closed.
MNIST classification starts: 301.0663
best model trained: 70.7759
test done: 0.2652
Normalized confusion matrix
[[0.95408163 0.         0.00102041 0.00306122 0.00102041 0.00816327
  0.02040816 0.00306122 0.00714286 0.00204082]
 [0.         0.97180617 0.00264317 0.00176211 0.         0.00264317
  0.00440529 0.00176211 0.01497797 0.        ]
 [0.0125969  0.00581395 0.84689922 0.01647287 0.02131783 0.00678295
  0.02616279 0.02131783 0.03682171 0.00581395]
 [0.0009901  0.0029703  0.02772277 0.86336634 0.0019802  0.02970297
  0.01485149 0.01683168 0.03168317 0.00990099]
 [0.00407332 0.00407332 0.00610998 0.00305499 0.90835031 0.00305499
  0.01527495 0.00712831 0.01221996 0.03665988]
 [0.00896861 0.00560538 0.00784753 0.05269058 0.03363229 0.80044843
  0.02690583 0.01457399 0.04484305 0.0044843 ]
 [0.01565762 0.00417537 0.01878914 0.         0.01148225 0.01670146
  0.9217119  0.00313152 0.00730689 0.00104384]
 [0.00583658 0.01945525 0.02626459 0.0077821  0.00680934 0.00194553
  0.00389105 0.86770428 0.00486381 0.05544747]
 [0.00924025 0.01232033 0.01848049 0.02566735 0.02361396 0.03798768
  0.00924025 0.02053388 0.82546201 0.0174538 ]
 [0.0148662  0.00891972 0.0049554  0.01387512 0.06640238 0.00792864
  0.00396432 0.03468781 0.01189296 0.83250743]]

    score:0.8809
    sparsity:0.5009
    train_time:70.7759
    test_time:0.2652
Session is closed.
MNIST classification starts: 373.1304
best model trained: 79.4994
test done: 0.3012
Normalized confusion matrix
[[9.44897959e-01 0.00000000e+00 7.14285714e-03 7.14285714e-03
  2.04081633e-03 1.63265306e-02 1.42857143e-02 3.06122449e-03
  4.08163265e-03 1.02040816e-03]
 [0.00000000e+00 9.62114537e-01 4.40528634e-03 2.64317181e-03
  1.76211454e-03 8.81057269e-04 4.40528634e-03 1.76211454e-03
  2.11453744e-02 8.81057269e-04]
 [9.68992248e-03 6.78294574e-03 8.59496124e-01 1.93798450e-02
  1.06589147e-02 3.87596899e-03 2.22868217e-02 1.74418605e-02
  4.65116279e-02 3.87596899e-03]
 [2.97029703e-03 8.91089109e-03 2.27722772e-02 8.48514851e-01
  2.97029703e-03 4.15841584e-02 2.97029703e-03 1.78217822e-02
  4.05940594e-02 1.08910891e-02]
 [4.07331976e-03 3.05498982e-03 9.16496945e-03 2.03665988e-03
  8.86965377e-01 1.01832994e-03 1.12016293e-02 2.03665988e-03
  1.01832994e-02 7.02647658e-02]
 [1.00896861e-02 1.45739910e-02 5.60538117e-03 5.15695067e-02
  1.90582960e-02 7.95964126e-01 2.80269058e-02 1.90582960e-02
  4.48430493e-02 1.12107623e-02]
 [1.87891441e-02 6.26304802e-03 1.14822547e-02 0.00000000e+00
  6.26304802e-03 1.77453027e-02 9.30062630e-01 2.08768267e-03
  6.26304802e-03 1.04384134e-03]
 [2.91828794e-03 1.55642023e-02 2.33463035e-02 8.75486381e-03
  6.80933852e-03 4.86381323e-03 0.00000000e+00 8.86186770e-01
  6.80933852e-03 4.47470817e-02]
 [8.21355236e-03 1.43737166e-02 1.43737166e-02 2.46406571e-02
  1.43737166e-02 4.31211499e-02 9.24024641e-03 1.33470226e-02
  8.34702259e-01 2.36139630e-02]
 [1.09018831e-02 4.95540139e-03 6.93756194e-03 1.09018831e-02
  4.36075322e-02 5.94648167e-03 9.91080278e-04 2.97324083e-02
  1.38751239e-02 8.72150644e-01]]

    score:0.8838
    sparsity:0.5013
    train_time:79.4994
    test_time:0.3012
Session is closed.
MNIST classification starts: 453.9692
best model trained: 84.5930
test done: 0.3087
Normalized confusion matrix
[[9.51020408e-01 0.00000000e+00 3.06122449e-03 3.06122449e-03
  0.00000000e+00 1.32653061e-02 1.63265306e-02 5.10204082e-03
  3.06122449e-03 5.10204082e-03]
 [0.00000000e+00 9.71806167e-01 1.76211454e-03 3.52422907e-03
  1.76211454e-03 3.52422907e-03 3.52422907e-03 8.81057269e-04
  1.32158590e-02 0.00000000e+00]
 [1.74418605e-02 1.35658915e-02 8.13953488e-01 4.16666667e-02
  1.45348837e-02 5.81395349e-03 3.00387597e-02 1.64728682e-02
  3.87596899e-02 7.75193798e-03]
 [2.97029703e-03 7.92079208e-03 1.48514851e-02 8.80198020e-01
  2.97029703e-03 3.46534653e-02 7.92079208e-03 1.88118812e-02
  1.98019802e-02 9.90099010e-03]
 [2.03665988e-03 2.03665988e-03 6.10997963e-03 6.10997963e-03
  8.86965377e-01 2.03665988e-03 1.93482688e-02 8.14663951e-03
  1.01832994e-02 5.70264766e-02]
 [1.68161435e-02 1.23318386e-02 6.72645740e-03 6.16591928e-02
  1.23318386e-02 8.18385650e-01 1.90582960e-02 1.56950673e-02
  2.24215247e-02 1.45739910e-02]
 [2.29645094e-02 7.30688935e-03 1.04384134e-02 1.04384134e-03
  1.25260960e-02 1.77453027e-02 9.18580376e-01 2.08768267e-03
  5.21920668e-03 2.08768267e-03]
 [2.91828794e-03 1.26459144e-02 1.36186770e-02 9.72762646e-03
  9.72762646e-03 3.89105058e-03 1.94552529e-03 8.99805447e-01
  6.80933852e-03 3.89105058e-02]
 [1.02669405e-02 2.25872690e-02 5.13347023e-03 4.10677618e-02
  2.05338809e-02 3.28542094e-02 1.12936345e-02 1.64271047e-02
  8.22381930e-01 1.74537988e-02]
 [1.18929633e-02 5.94648167e-03 3.96432111e-03 9.91080278e-03
  5.94648167e-02 9.91080278e-03 1.98216056e-03 3.76610505e-02
  5.94648167e-03 8.53320119e-01]]

    score:0.8832
    sparsity:0.5012
    train_time:84.5930
    test_time:0.3087
Session is closed.
MNIST classification starts: 539.9098
best model trained: 1.3698
test done: 0.0122
Normalized confusion matrix
[[0.51724138 0.06896552 0.03448276 0.         0.06896552 0.
  0.27586207 0.03448276 0.         0.        ]
 [0.         0.80434783 0.         0.         0.         0.19565217
  0.         0.         0.         0.        ]
 [0.07894737 0.26315789 0.10526316 0.07894737 0.10526316 0.05263158
  0.13157895 0.07894737 0.07894737 0.02631579]
 [0.03571429 0.17857143 0.03571429 0.21428571 0.03571429 0.25
  0.03571429 0.03571429 0.10714286 0.07142857]
 [0.14634146 0.04878049 0.         0.07317073 0.43902439 0.07317073
  0.02439024 0.02439024 0.04878049 0.12195122]
 [0.09677419 0.16129032 0.06451613 0.19354839 0.12903226 0.16129032
  0.03225806 0.03225806 0.09677419 0.03225806]
 [0.12       0.08       0.04       0.         0.16       0.08
  0.48       0.04       0.         0.        ]
 [0.02702703 0.10810811 0.10810811 0.         0.16216216 0.08108108
  0.         0.40540541 0.05405405 0.05405405]
 [0.0952381  0.04761905 0.         0.0952381  0.04761905 0.0952381
  0.14285714 0.04761905 0.28571429 0.14285714]
 [0.02702703 0.10810811 0.05405405 0.         0.32432432 0.10810811
  0.         0.08108108 0.02702703 0.27027027]]

    score:0.3844
    sparsity:1.0000
    train_time:1.3698
    test_time:0.0122
Session is closed.
MNIST classification starts: 542.4650
best model trained: 7.7168
test done: 0.0341
Normalized confusion matrix
[[0.84571429 0.         0.04       0.00571429 0.         0.03428571
  0.01714286 0.01714286 0.02857143 0.01142857]
 [0.         0.97008547 0.00854701 0.         0.01282051 0.
  0.00854701 0.         0.         0.        ]
 [0.01826484 0.05022831 0.6803653  0.05022831 0.01369863 0.00913242
  0.0456621  0.0456621  0.07762557 0.00913242]
 [0.         0.03381643 0.09178744 0.65700483 0.00966184 0.0821256
  0.01932367 0.04347826 0.04347826 0.01932367]
 [0.         0.00921659 0.04608295 0.02764977 0.67281106 0.00460829
  0.00921659 0.04147465 0.01382488 0.17511521]
 [0.03351955 0.01675978 0.01675978 0.12290503 0.05027933 0.4972067
  0.04469274 0.05027933 0.10055866 0.06703911]
 [0.04494382 0.03932584 0.21348315 0.01685393 0.01685393 0.02808989
  0.58988764 0.00561798 0.04494382 0.        ]
 [0.00487805 0.04390244 0.04390244 0.0097561  0.02926829 0.00487805
  0.00487805 0.75121951 0.02926829 0.07804878]
 [0.02083333 0.02083333 0.046875   0.06770833 0.03125    0.06770833
  0.015625   0.03125    0.65104167 0.046875  ]
 [0.01030928 0.01546392 0.01546392 0.01546392 0.10309278 0.00515464
  0.         0.05670103 0.04639175 0.73195876]]

    score:0.7105
    sparsity:1.0000
    train_time:7.7168
    test_time:0.0341
Session is closed.
MNIST classification starts: 551.1295
best model trained: 14.3100
test done: 0.0724
Normalized confusion matrix
[[0.82195846 0.         0.02373887 0.01186944 0.02670623 0.03264095
  0.0504451  0.0148368  0.0148368  0.00296736]
 [0.         0.96153846 0.00480769 0.00721154 0.00480769 0.00480769
  0.01201923 0.         0.00480769 0.        ]
 [0.02356021 0.03403141 0.64921466 0.07591623 0.04188482 0.0026178
  0.06020942 0.06020942 0.03926702 0.01308901]
 [0.00795756 0.0397878  0.03713528 0.73474801 0.0132626  0.0530504
  0.02917772 0.0397878  0.0265252  0.01856764]
 [0.01023018 0.02046036 0.01534527 0.00255754 0.78516624 0.00767263
  0.03580563 0.03069054 0.00767263 0.08439898]
 [0.02077151 0.02373887 0.02077151 0.12462908 0.05934718 0.50148368
  0.05934718 0.05934718 0.07418398 0.05637982]
 [0.03188406 0.03768116 0.03478261 0.01449275 0.07536232 0.02608696
  0.72173913 0.04347826 0.0115942  0.00289855]
 [0.01298701 0.05194805 0.02857143 0.02597403 0.03896104 0.01038961
  0.01818182 0.74805195 0.01298701 0.05194805]
 [0.01142857 0.04285714 0.03714286 0.09714286 0.05714286 0.04285714
  0.03142857 0.02857143 0.59142857 0.06      ]
 [0.00578035 0.02890173 0.01445087 0.02023121 0.11271676 0.01156069
  0.01156069 0.08381503 0.00867052 0.70231214]]

    score:0.7270
    sparsity:1.0000
    train_time:14.3100
    test_time:0.0724
Session is closed.
MNIST classification starts: 566.4616
best model trained: 21.6256
test done: 0.1009
Normalized confusion matrix
[[0.83870968 0.00201613 0.0141129  0.02217742 0.00604839 0.03629032
  0.04637097 0.02016129 0.00806452 0.00604839]
 [0.         0.97540984 0.00163934 0.00491803 0.         0.00327869
  0.00655738 0.         0.00655738 0.00163934]
 [0.01073345 0.02862254 0.72629696 0.05187835 0.02504472 0.02683363
  0.0411449  0.05545617 0.03220036 0.00178891]
 [0.00187617 0.01876173 0.04878049 0.79549719 0.         0.04315197
  0.01313321 0.03939962 0.01688555 0.02251407]
 [0.00373134 0.01119403 0.01119403 0.00932836 0.7761194  0.00746269
  0.03358209 0.01865672 0.00559701 0.12313433]
 [0.03319502 0.02074689 0.02074689 0.10373444 0.02697095 0.61410788
  0.02074689 0.03526971 0.04564315 0.07883817]
 [0.01616162 0.01212121 0.03232323 0.03434343 0.02222222 0.02828283
  0.80606061 0.03636364 0.00606061 0.00606061]
 [0.01282051 0.04761905 0.03113553 0.01648352 0.02747253 0.00732601
  0.00732601 0.75824176 0.01098901 0.08058608]
 [0.02115385 0.03653846 0.01923077 0.075      0.03076923 0.07115385
  0.025      0.05576923 0.61923077 0.04615385]
 [0.00719424 0.01978417 0.01258993 0.01258993 0.07553957 0.01258993
  0.00179856 0.04676259 0.01438849 0.79676259]]

    score:0.7746
    sparsity:1.0000
    train_time:21.6256
    test_time:0.1009
Session is closed.
MNIST classification starts: 589.1633
best model trained: 29.0539
test done: 0.1588
Normalized confusion matrix
[[0.92708333 0.         0.01339286 0.00892857 0.         0.02380952
  0.01488095 0.00297619 0.00744048 0.0014881 ]
 [0.         0.96352201 0.00251572 0.00251572 0.00754717 0.00377358
  0.00880503 0.         0.00880503 0.00251572]
 [0.00823045 0.02057613 0.77777778 0.04252401 0.01371742 0.00960219
  0.03292181 0.03978052 0.04526749 0.00960219]
 [0.00997151 0.01566952 0.02706553 0.79202279 0.0014245  0.06695157
  0.01282051 0.02421652 0.03133903 0.01851852]
 [0.00571429 0.01428571 0.02714286 0.00857143 0.78571429 0.01
  0.03428571 0.00571429 0.00857143 0.1       ]
 [0.01895735 0.01105845 0.01895735 0.05055292 0.01579779 0.78515008
  0.01579779 0.02369668 0.03317536 0.02685624]
 [0.02439024 0.0152439  0.03658537 0.01067073 0.01829268 0.05030488
  0.80945122 0.02591463 0.00457317 0.00457317]
 [0.00561798 0.03370787 0.03370787 0.01544944 0.01544944 0.01123596
  0.00421348 0.79775281 0.00280899 0.08005618]
 [0.01319648 0.03665689 0.02492669 0.04692082 0.01759531 0.05865103
  0.00733138 0.02346041 0.74193548 0.02932551]
 [0.02086231 0.01251739 0.01668985 0.02225313 0.05285118 0.01529903
  0.00556328 0.05841446 0.00278164 0.79276773]]

    score:0.8191
    sparsity:1.0000
    train_time:29.0539
    test_time:0.1588
Session is closed.
MNIST classification starts: 619.3463
best model trained: 37.2124
test done: 0.1981
Normalized confusion matrix
[[0.9443128  0.         0.007109   0.         0.0035545  0.01066351
  0.01777251 0.00236967 0.01303318 0.00118483]
 [0.         0.96738022 0.00407747 0.00509684 0.00101937 0.00203874
  0.00407747 0.00101937 0.01529052 0.        ]
 [0.02330744 0.01442841 0.80577137 0.03662597 0.01220866 0.00887902
  0.02330744 0.02219756 0.04661487 0.00665927]
 [0.0103211  0.00917431 0.03325688 0.81307339 0.00802752 0.04357798
  0.00688073 0.01605505 0.04357798 0.01605505]
 [0.00116686 0.00700117 0.01866978 0.00816803 0.87281214 0.00233372
  0.01516919 0.01633606 0.01050175 0.04784131]
 [0.0218509  0.00514139 0.00771208 0.09768638 0.02956298 0.70437018
  0.02570694 0.02313625 0.07583548 0.00899743]
 [0.02673147 0.00607533 0.01944107 0.0036452  0.02794654 0.02065614
  0.85905225 0.02430134 0.00850547 0.0036452 ]
 [0.00567537 0.03178207 0.02383655 0.01248581 0.0261067  0.00567537
  0.01135074 0.81498297 0.0215664  0.04653802]
 [0.01180638 0.01534829 0.01180638 0.04604486 0.02125148 0.03187721
  0.01062574 0.02715466 0.80519481 0.0188902 ]
 [0.01814059 0.01020408 0.00793651 0.01247166 0.07709751 0.00907029
  0.00680272 0.03628118 0.02040816 0.8015873 ]]

    score:0.8413
    sparsity:1.0000
    train_time:37.2124
    test_time:0.1981
Session is closed.
MNIST classification starts: 657.7472
best model trained: 43.9692
test done: 0.2243
Normalized confusion matrix
[[9.37755102e-01 0.00000000e+00 5.10204082e-03 6.12244898e-03
  4.08163265e-03 1.12244898e-02 1.12244898e-02 9.18367347e-03
  1.42857143e-02 1.02040816e-03]
 [0.00000000e+00 9.57709251e-01 6.16740088e-03 7.92951542e-03
  0.00000000e+00 1.76211454e-03 3.52422907e-03 8.81057269e-04
  2.20264317e-02 0.00000000e+00]
 [1.55038760e-02 1.06589147e-02 7.79069767e-01 5.23255814e-02
  1.35658915e-02 8.72093023e-03 3.77906977e-02 2.61627907e-02
  4.94186047e-02 6.78294574e-03]
 [0.00000000e+00 8.91089109e-03 2.17821782e-02 8.44554455e-01
  2.97029703e-03 3.16831683e-02 1.08910891e-02 3.06930693e-02
  3.66336634e-02 1.18811881e-02]
 [7.12830957e-03 3.05498982e-03 1.22199593e-02 7.12830957e-03
  8.56415479e-01 1.01832994e-03 1.12016293e-02 9.16496945e-03
  2.24032587e-02 7.02647658e-02]
 [1.23318386e-02 1.00896861e-02 1.34529148e-02 4.93273543e-02
  1.68161435e-02 7.84753363e-01 1.45739910e-02 3.13901345e-02
  5.04484305e-02 1.68161435e-02]
 [1.77453027e-02 6.26304802e-03 2.71398747e-02 9.39457203e-03
  8.35073069e-03 3.44467641e-02 8.71607516e-01 1.67014614e-02
  5.21920668e-03 3.13152401e-03]
 [2.91828794e-03 1.84824903e-02 1.75097276e-02 1.26459144e-02
  6.80933852e-03 3.89105058e-03 3.89105058e-03 8.66731518e-01
  1.36186770e-02 5.35019455e-02]
 [1.02669405e-02 1.23203285e-02 1.64271047e-02 4.51745380e-02
  1.23203285e-02 3.79876797e-02 1.64271047e-02 1.84804928e-02
  8.05954825e-01 2.46406571e-02]
 [1.28840436e-02 7.92864222e-03 6.93756194e-03 1.58572844e-02
  3.27056492e-02 6.93756194e-03 4.95540139e-03 3.86521308e-02
  9.91080278e-03 8.63230922e-01]]

    score:0.8586
    sparsity:1.0000
    train_time:43.9692
    test_time:0.2243
Session is closed.
MNIST classification starts: 702.9324
best model trained: 53.2639
test done: 0.2444
Normalized confusion matrix
[[9.21428571e-01 0.00000000e+00 1.42857143e-02 4.08163265e-03
  0.00000000e+00 2.34693878e-02 2.55102041e-02 5.10204082e-03
  6.12244898e-03 0.00000000e+00]
 [0.00000000e+00 9.60352423e-01 3.52422907e-03 3.52422907e-03
  8.81057269e-04 2.64317181e-03 4.40528634e-03 8.81057269e-04
  2.37885463e-02 0.00000000e+00]
 [1.45348837e-02 9.68992248e-03 8.32364341e-01 2.51937984e-02
  9.68992248e-03 7.75193798e-03 2.90697674e-02 2.42248062e-02
  3.77906977e-02 9.68992248e-03]
 [3.96039604e-03 1.98019802e-03 3.16831683e-02 8.55445545e-01
  3.96039604e-03 4.25742574e-02 6.93069307e-03 1.28712871e-02
  2.97029703e-02 1.08910891e-02]
 [4.07331976e-03 7.12830957e-03 9.16496945e-03 1.01832994e-02
  8.44195519e-01 3.05498982e-03 2.95315682e-02 6.10997963e-03
  1.01832994e-02 7.63747454e-02]
 [1.23318386e-02 7.84753363e-03 1.56950673e-02 4.14798206e-02
  1.79372197e-02 7.97085202e-01 3.25112108e-02 1.90582960e-02
  4.14798206e-02 1.45739910e-02]
 [1.87891441e-02 5.21920668e-03 1.87891441e-02 7.30688935e-03
  9.39457203e-03 2.71398747e-02 8.96659708e-01 1.14822547e-02
  4.17536534e-03 1.04384134e-03]
 [2.91828794e-03 1.94552529e-02 3.89105058e-02 1.26459144e-02
  9.72762646e-03 5.83657588e-03 1.94552529e-03 8.35603113e-01
  4.86381323e-03 6.80933852e-02]
 [1.02669405e-02 1.02669405e-02 2.25872690e-02 3.90143737e-02
  1.43737166e-02 4.72279261e-02 1.64271047e-02 1.64271047e-02
  7.93634497e-01 2.97741273e-02]
 [8.91972250e-03 7.92864222e-03 6.93756194e-03 1.09018831e-02
  3.66699703e-02 1.28840436e-02 4.95540139e-03 3.56788900e-02
  4.95540139e-03 8.70168484e-01]]

    score:0.8625
    sparsity:1.0000
    train_time:53.2639
    test_time:0.2444
Session is closed.
MNIST classification starts: 757.4601
best model trained: 62.8833
test done: 0.2809
Normalized confusion matrix
[[9.55102041e-01 0.00000000e+00 4.08163265e-03 3.06122449e-03
  2.04081633e-03 1.73469388e-02 8.16326531e-03 4.08163265e-03
  4.08163265e-03 2.04081633e-03]
 [0.00000000e+00 9.67400881e-01 3.52422907e-03 2.64317181e-03
  8.81057269e-04 7.04845815e-03 3.52422907e-03 0.00000000e+00
  1.40969163e-02 8.81057269e-04]
 [1.45348837e-02 9.68992248e-03 8.33333333e-01 2.71317829e-02
  2.13178295e-02 1.16279070e-02 1.93798450e-02 1.55038760e-02
  4.16666667e-02 5.81395349e-03]
 [6.93069307e-03 9.90099010e-03 3.16831683e-02 8.31683168e-01
  2.97029703e-03 5.04950495e-02 3.96039604e-03 1.98019802e-02
  2.57425743e-02 1.68316832e-02]
 [0.00000000e+00 1.52749491e-02 1.73116090e-02 3.05498982e-03
  8.66598778e-01 5.09164969e-03 9.16496945e-03 6.10997963e-03
  1.42566191e-02 6.31364562e-02]
 [1.34529148e-02 1.00896861e-02 1.68161435e-02 3.81165919e-02
  2.35426009e-02 7.94843049e-01 3.02690583e-02 2.13004484e-02
  3.36322870e-02 1.79372197e-02]
 [1.77453027e-02 7.30688935e-03 1.77453027e-02 1.25260960e-02
  1.77453027e-02 2.71398747e-02 8.81002088e-01 1.25260960e-02
  2.08768267e-03 4.17536534e-03]
 [2.91828794e-03 3.30739300e-02 2.33463035e-02 1.36186770e-02
  1.94552529e-02 7.78210117e-03 8.75486381e-03 8.07392996e-01
  8.75486381e-03 7.49027237e-02]
 [1.64271047e-02 2.36139630e-02 1.74537988e-02 2.87474333e-02
  9.24024641e-03 5.03080082e-02 1.84804928e-02 1.33470226e-02
  8.04928131e-01 1.74537988e-02]
 [1.58572844e-02 8.91972250e-03 1.18929633e-02 1.28840436e-02
  4.85629336e-02 1.09018831e-02 3.96432111e-03 3.36967294e-02
  4.95540139e-03 8.48364718e-01]]

    score:0.8608
    sparsity:1.0000
    train_time:62.8833
    test_time:0.2809
Session is closed.
MNIST classification starts: 821.6675
best model trained: 71.2813
test done: 0.2751
Normalized confusion matrix
[[9.56122449e-01 0.00000000e+00 2.04081633e-03 4.08163265e-03
  2.04081633e-03 1.22448980e-02 1.53061224e-02 2.04081633e-03
  6.12244898e-03 0.00000000e+00]
 [0.00000000e+00 9.75330396e-01 2.64317181e-03 3.52422907e-03
  8.81057269e-04 8.81057269e-04 3.52422907e-03 0.00000000e+00
  1.32158590e-02 0.00000000e+00]
 [1.55038760e-02 4.84496124e-03 8.31395349e-01 2.61627907e-02
  1.06589147e-02 5.81395349e-03 3.58527132e-02 2.81007752e-02
  3.77906977e-02 3.87596899e-03]
 [2.97029703e-03 5.94059406e-03 2.07920792e-02 8.48514851e-01
  1.98019802e-03 4.05940594e-02 8.91089109e-03 2.47524752e-02
  3.26732673e-02 1.28712871e-02]
 [3.05498982e-03 7.12830957e-03 6.10997963e-03 1.01832994e-03
  8.82892057e-01 7.12830957e-03 1.93482688e-02 7.12830957e-03
  7.12830957e-03 5.90631365e-02]
 [1.79372197e-02 5.60538117e-03 8.96860987e-03 4.48430493e-02
  1.79372197e-02 7.85874439e-01 2.69058296e-02 1.79372197e-02
  4.93273543e-02 2.46636771e-02]
 [2.19206681e-02 8.35073069e-03 2.50521921e-02 4.17536534e-03
  1.04384134e-02 2.40083507e-02 8.86221294e-01 1.04384134e-02
  8.35073069e-03 1.04384134e-03]
 [2.91828794e-03 1.55642023e-02 2.62645914e-02 1.45914397e-02
  1.16731518e-02 4.86381323e-03 3.89105058e-03 8.68677043e-01
  7.78210117e-03 4.37743191e-02]
 [8.21355236e-03 1.74537988e-02 1.23203285e-02 3.08008214e-02
  1.02669405e-02 2.97741273e-02 1.02669405e-02 1.74537988e-02
  8.37782341e-01 2.56673511e-02]
 [1.48662042e-02 6.93756194e-03 5.94648167e-03 1.38751239e-02
  4.45986125e-02 9.91080278e-03 6.93756194e-03 4.16253717e-02
  1.18929633e-02 8.43409316e-01]]

    score:0.8736
    sparsity:1.0000
    train_time:71.2813
    test_time:0.2751
Session is closed.
MNIST classification starts: 894.2617
best model trained: 79.5419
test done: 0.2894
Normalized confusion matrix
[[9.52040816e-01 0.00000000e+00 4.08163265e-03 8.16326531e-03
  1.02040816e-03 1.22448980e-02 1.22448980e-02 5.10204082e-03
  4.08163265e-03 1.02040816e-03]
 [0.00000000e+00 9.65638767e-01 8.81057269e-04 7.04845815e-03
  8.81057269e-04 1.76211454e-03 3.52422907e-03 8.81057269e-04
  1.93832599e-02 0.00000000e+00]
 [1.16279070e-02 5.81395349e-03 7.98449612e-01 6.29844961e-02
  1.84108527e-02 8.72093023e-03 2.42248062e-02 2.13178295e-02
  4.65116279e-02 1.93798450e-03]
 [7.92079208e-03 9.90099010e-04 2.67326733e-02 8.77227723e-01
  9.90099010e-04 2.37623762e-02 3.96039604e-03 2.47524752e-02
  2.67326733e-02 6.93069307e-03]
 [2.03665988e-03 7.12830957e-03 1.12016293e-02 9.16496945e-03
  8.97148676e-01 2.03665988e-03 2.13849287e-02 7.12830957e-03
  1.32382892e-02 2.95315682e-02]
 [8.96860987e-03 7.84753363e-03 1.12107623e-02 9.08071749e-02
  2.01793722e-02 7.80269058e-01 2.24215247e-02 1.45739910e-02
  3.69955157e-02 6.72645740e-03]
 [1.67014614e-02 4.17536534e-03 1.46137787e-02 1.04384134e-02
  1.46137787e-02 2.29645094e-02 8.98747390e-01 7.30688935e-03
  8.35073069e-03 2.08768267e-03]
 [2.91828794e-03 1.36186770e-02 2.14007782e-02 1.94552529e-02
  7.78210117e-03 5.83657588e-03 7.78210117e-03 8.76459144e-01
  5.83657588e-03 3.89105058e-02]
 [9.24024641e-03 4.10677618e-03 1.54004107e-02 5.54414784e-02
  1.84804928e-02 3.90143737e-02 1.23203285e-02 1.74537988e-02
  8.18275154e-01 1.02669405e-02]
 [9.91080278e-03 8.91972250e-03 8.91972250e-03 1.78394450e-02
  6.44202180e-02 9.91080278e-03 5.94648167e-03 5.45094153e-02
  1.18929633e-02 8.07730426e-01]]

    score:0.8690
    sparsity:1.0000
    train_time:79.5419
    test_time:0.2894
Session is closed.
MNIST classification starts: 975.1392
best model trained: 88.3079
test done: 0.3142
Normalized confusion matrix
[[9.42857143e-01 0.00000000e+00 6.12244898e-03 6.12244898e-03
  3.06122449e-03 1.02040816e-02 1.63265306e-02 1.02040816e-02
  3.06122449e-03 2.04081633e-03]
 [0.00000000e+00 9.77973568e-01 3.52422907e-03 8.81057269e-04
  0.00000000e+00 2.64317181e-03 3.52422907e-03 8.81057269e-04
  1.05726872e-02 0.00000000e+00]
 [1.25968992e-02 5.81395349e-03 8.53682171e-01 3.68217054e-02
  1.93798450e-02 4.84496124e-03 1.74418605e-02 2.51937984e-02
  2.32558140e-02 9.68992248e-04]
 [5.94059406e-03 4.95049505e-03 2.57425743e-02 8.76237624e-01
  9.90099010e-04 2.87128713e-02 4.95049505e-03 2.37623762e-02
  2.27722772e-02 5.94059406e-03]
 [1.01832994e-03 8.14663951e-03 9.16496945e-03 3.05498982e-03
  9.06313646e-01 3.05498982e-03 1.52749491e-02 8.14663951e-03
  1.22199593e-02 3.36048880e-02]
 [1.23318386e-02 1.45739910e-02 7.84753363e-03 6.16591928e-02
  1.79372197e-02 8.07174888e-01 1.90582960e-02 1.34529148e-02
  2.46636771e-02 2.13004484e-02]
 [8.35073069e-03 8.35073069e-03 1.77453027e-02 9.39457203e-03
  1.46137787e-02 1.98329854e-02 9.02922756e-01 7.30688935e-03
  8.35073069e-03 3.13152401e-03]
 [9.72762646e-04 1.84824903e-02 3.01556420e-02 1.36186770e-02
  1.45914397e-02 9.72762646e-04 6.80933852e-03 8.61867704e-01
  1.94552529e-03 5.05836576e-02]
 [1.12936345e-02 2.25872690e-02 1.64271047e-02 5.85215606e-02
  2.56673511e-02 3.18275154e-02 9.24024641e-03 1.43737166e-02
  7.88501027e-01 2.15605749e-02]
 [8.91972250e-03 9.91080278e-03 7.92864222e-03 1.58572844e-02
  4.45986125e-02 1.09018831e-02 2.97324083e-03 3.46878097e-02
  8.91972250e-03 8.55302279e-01]]

    score:0.8792
    sparsity:1.0000
    train_time:88.3079
    test_time:0.3142
Session is closed.
