nyx7015
2018-07-15 14:12:23.818652: W tensorflow/core/platform/cpu_feature_guard.cc:45] The TensorFlow library wasn't compiled to use SSE4.1 instructions, but these are available on your machine and could speed up CPU computations.
2018-07-15 14:12:23.818701: W tensorflow/core/platform/cpu_feature_guard.cc:45] The TensorFlow library wasn't compiled to use SSE4.2 instructions, but these are available on your machine and could speed up CPU computations.
2018-07-15 14:12:23.818714: W tensorflow/core/platform/cpu_feature_guard.cc:45] The TensorFlow library wasn't compiled to use AVX instructions, but these are available on your machine and could speed up CPU computations.
2018-07-15 14:12:23.818723: W tensorflow/core/platform/cpu_feature_guard.cc:45] The TensorFlow library wasn't compiled to use AVX2 instructions, but these are available on your machine and could speed up CPU computations.
2018-07-15 14:12:23.818731: W tensorflow/core/platform/cpu_feature_guard.cc:45] The TensorFlow library wasn't compiled to use FMA instructions, but these are available on your machine and could speed up CPU computations.
MNIST classification starts: 3.0067
best model trained: 10.0833
test done: 0.0143
Normalized confusion matrix
[[0.75862069 0.         0.06896552 0.03448276 0.         0.
  0.06896552 0.03448276 0.         0.03448276]
 [0.         0.97826087 0.         0.         0.         0.
  0.02173913 0.         0.         0.        ]
 [0.07894737 0.23684211 0.23684211 0.02631579 0.13157895 0.10526316
  0.05263158 0.02631579 0.02631579 0.07894737]
 [0.03571429 0.21428571 0.14285714 0.46428571 0.07142857 0.03571429
  0.         0.03571429 0.         0.        ]
 [0.         0.14634146 0.         0.         0.41463415 0.02439024
  0.04878049 0.04878049 0.02439024 0.29268293]
 [0.03225806 0.12903226 0.         0.03225806 0.16129032 0.48387097
  0.03225806 0.06451613 0.06451613 0.        ]
 [0.12       0.2        0.08       0.04       0.04       0.08
  0.36       0.04       0.04       0.        ]
 [0.08108108 0.2972973  0.02702703 0.05405405 0.02702703 0.02702703
  0.05405405 0.32432432 0.05405405 0.05405405]
 [0.         0.0952381  0.0952381  0.         0.         0.04761905
  0.23809524 0.04761905 0.38095238 0.0952381 ]
 [0.         0.08108108 0.02702703 0.         0.2972973  0.02702703
  0.02702703 0.16216216 0.02702703 0.35135135]]

    score:0.4895
    sparsity:0.5116
    train_time:10.0833
    test_time:0.0143
Session is closed.
MNIST classification starts: 14.2811
best model trained: 7.3932
test done: 0.0409
Normalized confusion matrix
[[0.83428571 0.         0.01142857 0.01142857 0.         0.06285714
  0.03428571 0.00571429 0.01142857 0.02857143]
 [0.         0.97863248 0.         0.00854701 0.         0.
  0.0042735  0.         0.00854701 0.        ]
 [0.03652968 0.05022831 0.54794521 0.11872146 0.02283105 0.04109589
  0.05936073 0.06849315 0.0456621  0.00913242]
 [0.00966184 0.03381643 0.00966184 0.73429952 0.00966184 0.10628019
  0.00966184 0.03864734 0.01449275 0.03381643]
 [0.01843318 0.02764977 0.01843318 0.00921659 0.6359447  0.04147465
  0.01843318 0.04147465 0.         0.18894009]
 [0.03351955 0.01675978 0.02234637 0.13407821 0.04469274 0.57541899
  0.03351955 0.03351955 0.05586592 0.05027933]
 [0.06741573 0.04494382 0.04494382 0.02808989 0.01685393 0.03932584
  0.71910112 0.01123596 0.01123596 0.01685393]
 [0.0097561  0.09268293 0.03414634 0.00487805 0.04390244 0.01463415
  0.0097561  0.65853659 0.01463415 0.11707317]
 [0.02604167 0.09375    0.03125    0.15104167 0.046875   0.078125
  0.03125    0.03645833 0.390625   0.11458333]
 [0.01030928 0.01546392 0.         0.0257732  0.11340206 0.00515464
  0.00515464 0.06701031 0.01546392 0.74226804]]

    score:0.6850
    sparsity:0.4935
    train_time:7.3932
    test_time:0.0409
Session is closed.
MNIST classification starts: 22.5795
best model trained: 13.6790
test done: 0.0776
Normalized confusion matrix
[[0.82195846 0.         0.03857567 0.02077151 0.00296736 0.03560831
  0.03264095 0.01186944 0.03560831 0.        ]
 [0.         0.96153846 0.01442308 0.         0.         0.00240385
  0.00961538 0.         0.01201923 0.        ]
 [0.04188482 0.03926702 0.65445026 0.07329843 0.01570681 0.02094241
  0.03141361 0.02879581 0.08900524 0.0052356 ]
 [0.         0.0132626  0.04774536 0.76392573 0.00530504 0.0530504
  0.00795756 0.05039788 0.04774536 0.01061008]
 [0.01023018 0.02046036 0.01790281 0.00511509 0.79283887 0.01534527
  0.03069054 0.03069054 0.00767263 0.06905371]
 [0.03857567 0.03560831 0.01186944 0.11275964 0.03560831 0.48071217
  0.03560831 0.06824926 0.14836795 0.03264095]
 [0.03478261 0.03478261 0.03188406 0.         0.02608696 0.05217391
  0.77971014 0.0115942  0.02608696 0.00289855]
 [0.0025974  0.06753247 0.02077922 0.02857143 0.03636364 0.01038961
  0.0025974  0.73246753 0.02337662 0.07532468]
 [0.01142857 0.03714286 0.04285714 0.09142857 0.01142857 0.02857143
  0.02       0.03142857 0.71142857 0.01428571]
 [0.01734104 0.03179191 0.00578035 0.02312139 0.0982659  0.00867052
  0.00289017 0.10115607 0.01734104 0.69364162]]

    score:0.7439
    sparsity:0.4951
    train_time:13.6790
    test_time:0.0776
Session is closed.
MNIST classification starts: 37.2346
best model trained: 20.5879
test done: 0.1179
Normalized confusion matrix
[[0.88709677 0.         0.01008065 0.0141129  0.00604839 0.03225806
  0.02419355 0.         0.02217742 0.00403226]
 [0.         0.97868852 0.         0.00655738 0.         0.00327869
  0.00655738 0.         0.00491803 0.        ]
 [0.01610018 0.02504472 0.73345259 0.06261181 0.01252236 0.00357782
  0.02325581 0.04293381 0.07334526 0.00715564]
 [0.01500938 0.01500938 0.01313321 0.78236398 0.00187617 0.0750469
  0.01125704 0.03189493 0.03752345 0.01688555]
 [0.00186567 0.0130597  0.00932836 0.00373134 0.79477612 0.01119403
  0.02798507 0.0130597  0.00373134 0.12126866]
 [0.02697095 0.01244813 0.00414938 0.10995851 0.02697095 0.63692946
  0.02697095 0.02074689 0.10580913 0.02904564]
 [0.03232323 0.02222222 0.02424242 0.         0.01616162 0.04848485
  0.81010101 0.02222222 0.01616162 0.00808081]
 [0.0018315  0.05128205 0.03479853 0.01098901 0.02380952 0.0018315
  0.00732601 0.7967033  0.00732601 0.06410256]
 [0.01923077 0.04230769 0.01538462 0.05384615 0.03269231 0.04807692
  0.00576923 0.03269231 0.725      0.025     ]
 [0.00539568 0.01079137 0.01798561 0.01618705 0.08093525 0.01798561
  0.00719424 0.03776978 0.01618705 0.78956835]]

    score:0.7967
    sparsity:0.5023
    train_time:20.5879
    test_time:0.1179
Session is closed.
MNIST classification starts: 58.8351
best model trained: 27.0341
test done: 0.1418
Normalized confusion matrix
[[0.86011905 0.         0.01636905 0.00595238 0.0014881  0.0297619
  0.04464286 0.00297619 0.02678571 0.01190476]
 [0.         0.97610063 0.00251572 0.01006289 0.         0.00251572
  0.00503145 0.         0.00251572 0.00125786]
 [0.00960219 0.01508916 0.78875171 0.04526749 0.01371742 0.01371742
  0.03840878 0.01920439 0.04938272 0.00685871]
 [0.         0.01282051 0.02849003 0.84188034 0.00854701 0.03276353
  0.01424501 0.02564103 0.02136752 0.01424501]
 [0.         0.02142857 0.01857143 0.00714286 0.8        0.00285714
  0.02428571 0.01857143 0.00857143 0.09857143]
 [0.01263823 0.00157978 0.01263823 0.05687204 0.04107425 0.74881517
  0.02843602 0.01421801 0.05529226 0.02843602]
 [0.02286585 0.01676829 0.03353659 0.00457317 0.01981707 0.02439024
  0.86128049 0.00152439 0.0152439  0.        ]
 [0.00561798 0.04775281 0.02668539 0.01685393 0.0238764  0.00983146
  0.00561798 0.76264045 0.00983146 0.09129213]
 [0.02052786 0.02932551 0.02052786 0.05278592 0.02052786 0.0483871
  0.01906158 0.01612903 0.74193548 0.03079179]
 [0.01529903 0.02225313 0.00556328 0.02364395 0.06536857 0.01668985
  0.00139082 0.03755216 0.00973574 0.80250348]]

    score:0.8207
    sparsity:0.4924
    train_time:27.0341
    test_time:0.1418
Session is closed.
MNIST classification starts: 87.1002
best model trained: 34.5781
test done: 0.2061
Normalized confusion matrix
[[0.92654028 0.         0.007109   0.00473934 0.         0.02251185
  0.02369668 0.00473934 0.00947867 0.00118483]
 [0.         0.95922528 0.00917431 0.00509684 0.         0.
  0.00509684 0.0030581  0.01834862 0.        ]
 [0.00887902 0.01664817 0.81354051 0.02108768 0.02441731 0.00554939
  0.01664817 0.02885683 0.05771365 0.00665927]
 [0.00344037 0.01376147 0.03555046 0.81077982 0.0103211  0.06077982
  0.00688073 0.02522936 0.02178899 0.01146789]
 [0.01866978 0.00816803 0.01516919 0.00466744 0.81096849 0.00233372
  0.02450408 0.01400233 0.01516919 0.08634772]
 [0.02313625 0.01156812 0.01285347 0.04884319 0.03084833 0.76092545
  0.02442159 0.01413882 0.04113111 0.03213368]
 [0.0255164  0.0072904  0.0218712  0.00243013 0.02430134 0.0145808
  0.88335358 0.01336574 0.00607533 0.00121507]
 [0.00567537 0.02724177 0.02497162 0.00794552 0.01816118 0.00113507
  0.00681044 0.84790011 0.00794552 0.05221339]
 [0.01180638 0.01534829 0.01062574 0.03187721 0.0188902  0.04368359
  0.02007084 0.02125148 0.80047226 0.02597403]
 [0.01587302 0.01020408 0.01133787 0.01927438 0.05102041 0.01020408
  0.00340136 0.04535147 0.01133787 0.82199546]]

    score:0.8455
    sparsity:0.5034
    train_time:34.5781
    test_time:0.2061
Session is closed.
MNIST classification starts: 122.7993
best model trained: 41.0606
test done: 0.2469
Normalized confusion matrix
[[0.94285714 0.         0.00612245 0.00306122 0.00204082 0.01530612
  0.01938776 0.00306122 0.00714286 0.00102041]
 [0.         0.96651982 0.00440529 0.00528634 0.00176211 0.00264317
  0.00264317 0.         0.01674009 0.        ]
 [0.01937984 0.01162791 0.81007752 0.03197674 0.01841085 0.00678295
  0.02422481 0.02325581 0.0494186  0.00484496]
 [0.00693069 0.00792079 0.02871287 0.81485149 0.00792079 0.04851485
  0.0039604  0.01980198 0.04158416 0.01980198]
 [0.00509165 0.01120163 0.01934827 0.00203666 0.85947047 0.00509165
  0.01221996 0.01221996 0.00916497 0.06415479]
 [0.01569507 0.01345291 0.00896861 0.0426009  0.0235426  0.7970852
  0.01681614 0.02017937 0.04596413 0.01569507]
 [0.01983299 0.0125261  0.0177453  0.00208768 0.01148225 0.02505219
  0.89561587 0.00730689 0.00626305 0.00208768]
 [0.00389105 0.02723735 0.02431907 0.01070039 0.01361868 0.00486381
  0.00097276 0.85700389 0.0077821  0.04961089]
 [0.0174538  0.00924025 0.0174538  0.02977413 0.01129363 0.0513347
  0.01026694 0.02156057 0.80287474 0.02874743]
 [0.00891972 0.01288404 0.00396432 0.01189296 0.05054509 0.01090188
  0.00198216 0.03270565 0.01783944 0.84836472]]

    score:0.8612
    sparsity:0.5001
    train_time:41.0606
    test_time:0.2469
Session is closed.
MNIST classification starts: 165.0359
best model trained: 49.0116
test done: 0.2353
Normalized confusion matrix
[[9.48979592e-01 0.00000000e+00 5.10204082e-03 6.12244898e-03
  1.02040816e-03 1.22448980e-02 1.53061224e-02 2.04081633e-03
  8.16326531e-03 1.02040816e-03]
 [0.00000000e+00 9.65638767e-01 3.52422907e-03 5.28634361e-03
  1.76211454e-03 8.81057269e-04 4.40528634e-03 8.81057269e-04
  1.76211454e-02 0.00000000e+00]
 [9.68992248e-03 1.35658915e-02 8.53682171e-01 2.03488372e-02
  1.25968992e-02 5.81395349e-03 2.22868217e-02 1.93798450e-02
  3.68217054e-02 5.81395349e-03]
 [1.98019802e-03 9.90099010e-03 2.67326733e-02 8.78217822e-01
  9.90099010e-04 2.67326733e-02 2.97029703e-03 1.48514851e-02
  3.06930693e-02 6.93069307e-03]
 [5.09164969e-03 1.01832994e-02 9.16496945e-03 3.05498982e-03
  8.96130346e-01 6.10997963e-03 1.32382892e-02 8.14663951e-03
  1.22199593e-02 3.66598778e-02]
 [1.45739910e-02 1.45739910e-02 2.35426009e-02 5.71748879e-02
  2.13004484e-02 7.80269058e-01 3.02690583e-02 1.56950673e-02
  2.57847534e-02 1.68161435e-02]
 [2.40083507e-02 8.35073069e-03 2.08768267e-02 4.17536534e-03
  1.87891441e-02 1.77453027e-02 8.99791232e-01 1.04384134e-03
  4.17536534e-03 1.04384134e-03]
 [1.94552529e-03 2.43190661e-02 3.01556420e-02 8.75486381e-03
  1.26459144e-02 2.91828794e-03 2.91828794e-03 8.44357977e-01
  1.94552529e-03 7.00389105e-02]
 [1.33470226e-02 1.64271047e-02 1.84804928e-02 5.44147844e-02
  2.15605749e-02 2.36139630e-02 1.02669405e-02 1.12936345e-02
  8.04928131e-01 2.56673511e-02]
 [1.28840436e-02 8.91972250e-03 8.91972250e-03 9.91080278e-03
  7.92864222e-02 5.94648167e-03 2.97324083e-03 3.86521308e-02
  7.92864222e-03 8.24578791e-01]]

    score:0.8716
    sparsity:0.4975
    train_time:49.0116
    test_time:0.2353
Session is closed.
MNIST classification starts: 215.2074
best model trained: 55.8426
test done: 0.2664
Normalized confusion matrix
[[9.59183673e-01 0.00000000e+00 5.10204082e-03 6.12244898e-03
  0.00000000e+00 1.32653061e-02 6.12244898e-03 3.06122449e-03
  7.14285714e-03 0.00000000e+00]
 [0.00000000e+00 9.70044053e-01 5.28634361e-03 6.16740088e-03
  8.81057269e-04 8.81057269e-04 3.52422907e-03 8.81057269e-04
  1.23348018e-02 0.00000000e+00]
 [1.64728682e-02 6.78294574e-03 8.26550388e-01 3.87596899e-02
  1.93798450e-02 6.78294574e-03 1.84108527e-02 2.61627907e-02
  3.87596899e-02 1.93798450e-03]
 [4.95049505e-03 0.00000000e+00 2.07920792e-02 8.90099010e-01
  0.00000000e+00 3.36633663e-02 3.96039604e-03 1.58415842e-02
  2.27722772e-02 7.92079208e-03]
 [1.01832994e-03 4.07331976e-03 7.12830957e-03 2.03665988e-03
  9.07331976e-01 5.09164969e-03 1.32382892e-02 7.12830957e-03
  4.07331976e-03 4.88798371e-02]
 [2.01793722e-02 5.60538117e-03 5.60538117e-03 6.05381166e-02
  2.46636771e-02 8.12780269e-01 2.01793722e-02 1.12107623e-02
  3.02690583e-02 8.96860987e-03]
 [2.08768267e-02 5.21920668e-03 2.29645094e-02 1.04384134e-03
  1.67014614e-02 2.40083507e-02 8.98747390e-01 0.00000000e+00
  1.04384134e-02 0.00000000e+00]
 [3.89105058e-03 1.94552529e-02 2.14007782e-02 9.72762646e-03
  1.16731518e-02 9.72762646e-04 4.86381323e-03 8.66731518e-01
  1.07003891e-02 5.05836576e-02]
 [1.43737166e-02 9.24024641e-03 1.54004107e-02 3.90143737e-02
  1.64271047e-02 4.72279261e-02 1.23203285e-02 1.43737166e-02
  8.11088296e-01 2.05338809e-02]
 [1.09018831e-02 7.92864222e-03 5.94648167e-03 1.78394450e-02
  7.53221011e-02 7.92864222e-03 9.91080278e-04 2.97324083e-02
  9.91080278e-03 8.33498513e-01]]

    score:0.8792
    sparsity:0.4995
    train_time:55.8426
    test_time:0.2664
Session is closed.
MNIST classification starts: 272.4805
best model trained: 63.9193
test done: 0.2782
Normalized confusion matrix
[[9.40816327e-01 0.00000000e+00 9.18367347e-03 5.10204082e-03
  5.10204082e-03 1.32653061e-02 1.63265306e-02 3.06122449e-03
  4.08163265e-03 3.06122449e-03]
 [0.00000000e+00 9.63876652e-01 2.64317181e-03 5.28634361e-03
  8.81057269e-04 8.81057269e-04 6.16740088e-03 0.00000000e+00
  2.02643172e-02 0.00000000e+00]
 [1.16279070e-02 1.25968992e-02 8.45930233e-01 2.71317829e-02
  1.64728682e-02 3.87596899e-03 1.55038760e-02 2.22868217e-02
  3.87596899e-02 5.81395349e-03]
 [9.90099010e-04 5.94059406e-03 2.97029703e-02 8.65346535e-01
  3.96039604e-03 3.76237624e-02 4.95049505e-03 1.78217822e-02
  2.47524752e-02 8.91089109e-03]
 [1.01832994e-03 6.10997963e-03 1.01832994e-02 4.07331976e-03
  8.98167006e-01 3.05498982e-03 1.12016293e-02 5.09164969e-03
  1.32382892e-02 4.78615071e-02]
 [1.00896861e-02 3.36322870e-03 1.12107623e-02 5.38116592e-02
  3.25112108e-02 7.76905830e-01 3.58744395e-02 2.69058296e-02
  3.25112108e-02 1.68161435e-02]
 [1.56576200e-02 6.26304802e-03 1.87891441e-02 3.13152401e-03
  1.77453027e-02 2.29645094e-02 9.06054280e-01 1.04384134e-03
  7.30688935e-03 1.04384134e-03]
 [1.94552529e-03 2.04280156e-02 1.94552529e-02 5.83657588e-03
  8.75486381e-03 9.72762646e-04 9.72762646e-04 8.91050584e-01
  2.91828794e-03 4.76653696e-02]
 [9.24024641e-03 1.23203285e-02 1.12936345e-02 2.97741273e-02
  2.87474333e-02 3.49075975e-02 1.23203285e-02 1.23203285e-02
  8.21355236e-01 2.77207392e-02]
 [9.91080278e-03 4.95540139e-03 1.28840436e-02 1.48662042e-02
  5.55004955e-02 6.93756194e-03 2.97324083e-03 4.26164519e-02
  7.92864222e-03 8.41427156e-01]]

    score:0.8771
    sparsity:0.5005
    train_time:63.9193
    test_time:0.2782
Session is closed.
MNIST classification starts: 337.6215
best model trained: 71.6113
test done: 0.2854
Normalized confusion matrix
[[9.37755102e-01 0.00000000e+00 8.16326531e-03 8.16326531e-03
  1.02040816e-03 1.53061224e-02 1.93877551e-02 3.06122449e-03
  4.08163265e-03 3.06122449e-03]
 [0.00000000e+00 9.75330396e-01 2.64317181e-03 1.76211454e-03
  0.00000000e+00 1.76211454e-03 3.52422907e-03 8.81057269e-04
  1.40969163e-02 0.00000000e+00]
 [1.16279070e-02 8.72093023e-03 8.51744186e-01 2.51937984e-02
  1.55038760e-02 3.87596899e-03 2.51937984e-02 2.03488372e-02
  3.19767442e-02 5.81395349e-03]
 [5.94059406e-03 7.92079208e-03 2.37623762e-02 8.85148515e-01
  9.90099010e-04 2.07920792e-02 2.97029703e-03 1.58415842e-02
  2.67326733e-02 9.90099010e-03]
 [1.01832994e-03 4.07331976e-03 9.16496945e-03 2.03665988e-03
  8.72708758e-01 1.01832994e-03 3.05498982e-02 5.09164969e-03
  5.09164969e-03 6.92464358e-02]
 [6.72645740e-03 8.96860987e-03 1.23318386e-02 5.82959641e-02
  1.90582960e-02 8.08295964e-01 1.45739910e-02 2.35426009e-02
  3.81165919e-02 1.00896861e-02]
 [1.98329854e-02 4.17536534e-03 1.25260960e-02 4.17536534e-03
  1.14822547e-02 2.29645094e-02 9.18580376e-01 1.04384134e-03
  5.21920668e-03 0.00000000e+00]
 [2.91828794e-03 1.75097276e-02 2.82101167e-02 6.80933852e-03
  5.83657588e-03 0.00000000e+00 3.89105058e-03 8.71595331e-01
  6.80933852e-03 5.64202335e-02]
 [8.21355236e-03 1.33470226e-02 1.02669405e-02 5.03080082e-02
  1.23203285e-02 4.31211499e-02 1.54004107e-02 1.23203285e-02
  8.02874743e-01 3.18275154e-02]
 [1.18929633e-02 8.91972250e-03 6.93756194e-03 1.58572844e-02
  5.05450942e-02 4.95540139e-03 1.98216056e-03 3.36967294e-02
  9.91080278e-03 8.55302279e-01]]

    score:0.8798
    sparsity:0.4958
    train_time:71.6113
    test_time:0.2854
Session is closed.
MNIST classification starts: 410.4534
best model trained: 78.1622
test done: 0.2768
Normalized confusion matrix
[[9.62244898e-01 1.02040816e-03 3.06122449e-03 5.10204082e-03
  1.02040816e-03 1.02040816e-02 9.18367347e-03 2.04081633e-03
  5.10204082e-03 1.02040816e-03]
 [0.00000000e+00 9.78854626e-01 1.76211454e-03 4.40528634e-03
  8.81057269e-04 3.52422907e-03 3.52422907e-03 0.00000000e+00
  7.04845815e-03 0.00000000e+00]
 [1.93798450e-02 8.72093023e-03 8.36240310e-01 3.00387597e-02
  1.16279070e-02 2.90697674e-03 2.22868217e-02 1.74418605e-02
  4.84496124e-02 2.90697674e-03]
 [4.95049505e-03 2.97029703e-03 2.47524752e-02 8.73267327e-01
  0.00000000e+00 2.97029703e-02 5.94059406e-03 1.48514851e-02
  3.46534653e-02 8.91089109e-03]
 [2.03665988e-03 9.16496945e-03 5.09164969e-03 4.07331976e-03
  9.04276986e-01 3.05498982e-03 1.62932790e-02 5.09164969e-03
  2.03665988e-02 3.05498982e-02]
 [1.79372197e-02 5.60538117e-03 1.00896861e-02 5.26905830e-02
  2.35426009e-02 8.12780269e-01 1.23318386e-02 1.56950673e-02
  4.26008969e-02 6.72645740e-03]
 [1.14822547e-02 8.35073069e-03 6.26304802e-03 1.04384134e-03
  1.67014614e-02 2.08768267e-02 9.22755741e-01 3.13152401e-03
  8.35073069e-03 1.04384134e-03]
 [1.94552529e-03 2.52918288e-02 2.91828794e-02 7.78210117e-03
  1.16731518e-02 2.91828794e-03 1.94552529e-03 8.78404669e-01
  5.83657588e-03 3.50194553e-02]
 [1.33470226e-02 1.43737166e-02 1.12936345e-02 4.20944559e-02
  2.05338809e-02 2.66940452e-02 1.02669405e-02 1.12936345e-02
  8.31622177e-01 1.84804928e-02]
 [1.18929633e-02 1.09018831e-02 6.93756194e-03 9.91080278e-03
  7.63131814e-02 1.18929633e-02 1.98216056e-03 3.56788900e-02
  1.58572844e-02 8.18632309e-01]]

    score:0.8835
    sparsity:0.4996
    train_time:78.1622
    test_time:0.2768
Session is closed.
MNIST classification starts: 489.8303
best model trained: 1.2867
test done: 0.0115
Normalized confusion matrix
[[0.72413793 0.03448276 0.         0.03448276 0.         0.
  0.13793103 0.06896552 0.         0.        ]
 [0.         0.89130435 0.         0.         0.         0.10869565
  0.         0.         0.         0.        ]
 [0.18421053 0.21052632 0.26315789 0.07894737 0.         0.10526316
  0.10526316 0.05263158 0.         0.        ]
 [0.03571429 0.17857143 0.         0.39285714 0.03571429 0.32142857
  0.         0.03571429 0.         0.        ]
 [0.02439024 0.02439024 0.         0.         0.56097561 0.09756098
  0.12195122 0.         0.         0.17073171]
 [0.09677419 0.06451613 0.03225806 0.06451613 0.16129032 0.48387097
  0.03225806 0.03225806 0.         0.03225806]
 [0.04       0.04       0.04       0.08       0.08       0.
  0.64       0.08       0.         0.        ]
 [0.05405405 0.2972973  0.02702703 0.02702703 0.         0.02702703
  0.         0.51351351 0.         0.05405405]
 [0.0952381  0.19047619 0.04761905 0.         0.14285714 0.04761905
  0.14285714 0.04761905 0.04761905 0.23809524]
 [0.         0.02702703 0.02702703 0.05405405 0.43243243 0.02702703
  0.02702703 0.10810811 0.02702703 0.27027027]]

    score:0.5015
    sparsity:1.0000
    train_time:1.2867
    test_time:0.0115
Session is closed.
MNIST classification starts: 492.2111
best model trained: 7.3195
test done: 0.0323
Normalized confusion matrix
[[0.73142857 0.         0.         0.00571429 0.03428571 0.01142857
  0.16571429 0.01142857 0.04       0.        ]
 [0.         0.93162393 0.00854701 0.         0.01282051 0.
  0.00854701 0.00854701 0.00854701 0.02136752]
 [0.05022831 0.05479452 0.36073059 0.11415525 0.0913242  0.00913242
  0.12785388 0.07762557 0.10958904 0.00456621]
 [0.00966184 0.02898551 0.01449275 0.647343   0.0531401  0.05797101
  0.07729469 0.04347826 0.04830918 0.01932367]
 [0.01843318 0.03686636 0.03225806 0.02764977 0.69585253 0.00921659
  0.06912442 0.01843318 0.01382488 0.07834101]
 [0.01675978 0.         0.01675978 0.20111732 0.07821229 0.37430168
  0.09497207 0.05027933 0.13407821 0.03351955]
 [0.05617978 0.         0.03932584 0.00561798 0.07303371 0.02247191
  0.74719101 0.02808989 0.01123596 0.01685393]
 [0.0097561  0.08780488 0.01463415 0.01463415 0.08292683 0.0097561
  0.0195122  0.65853659 0.01463415 0.08780488]
 [0.01041667 0.046875   0.03125    0.09375    0.06770833 0.02604167
  0.046875   0.03125    0.61979167 0.02604167]
 [0.00515464 0.05670103 0.01546392 0.04639175 0.24226804 0.
  0.04639175 0.06701031 0.04123711 0.47938144]]

    score:0.6285
    sparsity:1.0000
    train_time:7.3195
    test_time:0.0323
Session is closed.
MNIST classification starts: 500.4023
best model trained: 13.5585
test done: 0.0605
Normalized confusion matrix
[[0.84569733 0.         0.02670623 0.         0.00593472 0.02670623
  0.04154303 0.00890208 0.03264095 0.01186944]
 [0.         0.96394231 0.00480769 0.         0.00240385 0.
  0.01682692 0.         0.01201923 0.        ]
 [0.02617801 0.04188482 0.67539267 0.09162304 0.0052356  0.0078534
  0.03664921 0.04188482 0.06282723 0.0104712 ]
 [0.00265252 0.00530504 0.03183024 0.77718833 0.0132626  0.03183024
  0.0265252  0.02917772 0.06366048 0.01856764]
 [0.01278772 0.01534527 0.01278772 0.01023018 0.74168798 0.01534527
  0.01790281 0.0230179  0.0230179  0.12787724]
 [0.0504451  0.00593472 0.02967359 0.17507418 0.0504451  0.42433234
  0.04154303 0.03560831 0.12166172 0.0652819 ]
 [0.04057971 0.03188406 0.08405797 0.0173913  0.02028986 0.02028986
  0.73913043 0.02608696 0.01449275 0.0057971 ]
 [0.00519481 0.06233766 0.02857143 0.01558442 0.05454545 0.01038961
  0.00779221 0.67532468 0.03376623 0.10649351]
 [0.03142857 0.03142857 0.05142857 0.05428571 0.01714286 0.04571429
  0.02857143 0.01142857 0.69142857 0.03714286]
 [0.02023121 0.02601156 0.00289017 0.01734104 0.08092486 0.00867052
  0.01156069 0.03179191 0.02023121 0.78034682]]

    score:0.7357
    sparsity:1.0000
    train_time:13.5585
    test_time:0.0605
Session is closed.
MNIST classification starts: 514.9132
best model trained: 20.4676
test done: 0.0979
Normalized confusion matrix
[[0.87903226 0.         0.01209677 0.01209677 0.00201613 0.04233871
  0.02217742 0.00604839 0.02016129 0.00403226]
 [0.         0.95081967 0.00327869 0.01147541 0.00163934 0.01803279
  0.00491803 0.00163934 0.00819672 0.        ]
 [0.01610018 0.03577818 0.69767442 0.06440072 0.01610018 0.00536673
  0.05545617 0.03935599 0.06261181 0.00715564]
 [0.01125704 0.00938086 0.03001876 0.76172608 0.00750469 0.07692308
  0.02439024 0.03939962 0.02439024 0.01500938]
 [0.00559701 0.         0.0130597  0.00373134 0.8488806  0.01679104
  0.0261194  0.01492537 0.00932836 0.06156716]
 [0.02904564 0.00414938 0.01244813 0.06016598 0.0373444  0.71161826
  0.02489627 0.03112033 0.05809129 0.03112033]
 [0.03636364 0.01010101 0.04848485 0.01010101 0.03838384 0.04242424
  0.78383838 0.01616162 0.00808081 0.00606061]
 [0.00732601 0.03479853 0.04212454 0.01648352 0.02014652 0.01098901
  0.01098901 0.77655678 0.01098901 0.06959707]
 [0.03653846 0.03269231 0.02692308 0.07884615 0.03846154 0.06538462
  0.01538462 0.02307692 0.64423077 0.03846154]
 [0.01438849 0.01079137 0.01618705 0.02338129 0.08633094 0.01258993
  0.         0.04676259 0.00539568 0.78417266]]

    score:0.7862
    sparsity:1.0000
    train_time:20.4676
    test_time:0.0979
Session is closed.
MNIST classification starts: 536.3948
best model trained: 27.2785
test done: 0.1427
Normalized confusion matrix
[[0.91815476 0.         0.00595238 0.01190476 0.00297619 0.01636905
  0.02232143 0.00892857 0.01190476 0.0014881 ]
 [0.         0.96477987 0.00251572 0.01006289 0.         0.
  0.00754717 0.00125786 0.01383648 0.        ]
 [0.01371742 0.01783265 0.76131687 0.06584362 0.01097394 0.00960219
  0.04801097 0.02331962 0.04663923 0.00274348]
 [0.00569801 0.00712251 0.02991453 0.84472934 0.002849   0.04131054
  0.00712251 0.02706553 0.02564103 0.00854701]
 [0.01142857 0.01857143 0.02285714 0.00714286 0.76857143 0.00714286
  0.03571429 0.01       0.01285714 0.10571429]
 [0.02053712 0.00473934 0.02843602 0.09636651 0.01105845 0.73459716
  0.02527646 0.02843602 0.03633491 0.01421801]
 [0.02896341 0.00762195 0.03963415 0.01371951 0.01219512 0.0304878
  0.83231707 0.01829268 0.0152439  0.00152439]
 [0.00561798 0.04634831 0.02949438 0.01966292 0.01685393 0.01264045
  0.00983146 0.78792135 0.00421348 0.06741573]
 [0.0058651  0.02052786 0.02199413 0.04692082 0.01759531 0.04985337
  0.01173021 0.02199413 0.7829912  0.02052786]
 [0.01251739 0.01390821 0.00973574 0.01947149 0.07510431 0.01668985
  0.00556328 0.04172462 0.01947149 0.78581363]]

    score:0.8201
    sparsity:1.0000
    train_time:27.2785
    test_time:0.1427
Session is closed.
MNIST classification starts: 564.7179
best model trained: 34.6890
test done: 0.1851
Normalized confusion matrix
[[0.93127962 0.         0.007109   0.0035545  0.0035545  0.02132701
  0.02369668 0.0035545  0.00592417 0.        ]
 [0.         0.95718654 0.00611621 0.00713558 0.00101937 0.0030581
  0.0030581  0.00203874 0.02038736 0.        ]
 [0.0199778  0.00776915 0.77247503 0.0399556  0.01664817 0.00221976
  0.04550499 0.03662597 0.05216426 0.00665927]
 [0.00114679 0.00688073 0.02866972 0.85321101 0.00229358 0.02178899
  0.00458716 0.02522936 0.04472477 0.01146789]
 [0.00233372 0.01983664 0.01400233 0.00933489 0.82847141 0.00233372
  0.0210035  0.01516919 0.01400233 0.07351225]
 [0.01928021 0.01156812 0.01542416 0.0848329  0.02956298 0.70822622
  0.0218509  0.02699229 0.06812339 0.01413882]
 [0.02430134 0.00607533 0.04617254 0.00972053 0.02794654 0.02430134
  0.84447145 0.00850547 0.00850547 0.        ]
 [0.00567537 0.0261067  0.03178207 0.01135074 0.01702611 0.00227015
  0.00908059 0.86038593 0.00681044 0.02951192]
 [0.01298701 0.01180638 0.02007084 0.02597403 0.02597403 0.02951594
  0.01062574 0.0283353  0.81582054 0.0188902 ]
 [0.0170068  0.01247166 0.00566893 0.01473923 0.07482993 0.01020408
  0.00566893 0.03968254 0.02040816 0.79931973]]

    score:0.8395
    sparsity:1.0000
    train_time:34.6890
    test_time:0.1851
Session is closed.
MNIST classification starts: 600.5292
best model trained: 41.5615
test done: 0.2221
Normalized confusion matrix
[[9.54081633e-01 1.02040816e-03 7.14285714e-03 5.10204082e-03
  0.00000000e+00 1.32653061e-02 1.02040816e-02 6.12244898e-03
  3.06122449e-03 0.00000000e+00]
 [0.00000000e+00 9.62114537e-01 1.05726872e-02 8.81057269e-04
  2.64317181e-03 4.40528634e-03 3.52422907e-03 0.00000000e+00
  1.40969163e-02 1.76211454e-03]
 [2.03488372e-02 1.74418605e-02 8.16860465e-01 2.81007752e-02
  1.74418605e-02 7.75193798e-03 1.93798450e-02 3.10077519e-02
  3.87596899e-02 2.90697674e-03]
 [1.18811881e-02 1.28712871e-02 2.67326733e-02 7.93069307e-01
  5.94059406e-03 6.43564356e-02 1.18811881e-02 3.36633663e-02
  2.87128713e-02 1.08910891e-02]
 [4.07331976e-03 6.10997963e-03 1.12016293e-02 3.05498982e-03
  8.79837067e-01 9.16496945e-03 1.83299389e-02 1.01832994e-02
  8.14663951e-03 4.98981670e-02]
 [1.68161435e-02 1.12107623e-02 1.56950673e-02 3.13901345e-02
  1.90582960e-02 8.16143498e-01 2.24215247e-02 1.90582960e-02
  3.47533632e-02 1.34529148e-02]
 [2.60960334e-02 1.14822547e-02 2.60960334e-02 6.26304802e-03
  1.77453027e-02 3.23590814e-02 8.50730689e-01 1.77453027e-02
  3.13152401e-03 8.35073069e-03]
 [5.83657588e-03 2.23735409e-02 3.30739300e-02 5.83657588e-03
  9.72762646e-03 6.80933852e-03 4.86381323e-03 8.51167315e-01
  4.86381323e-03 5.54474708e-02]
 [1.43737166e-02 1.54004107e-02 1.64271047e-02 2.87474333e-02
  9.24024641e-03 8.00821355e-02 1.43737166e-02 2.46406571e-02
  7.68993840e-01 2.77207392e-02]
 [9.91080278e-03 6.93756194e-03 6.93756194e-03 1.09018831e-02
  4.16253717e-02 1.18929633e-02 5.94648167e-03 3.46878097e-02
  1.28840436e-02 8.58275520e-01]]

    score:0.8568
    sparsity:1.0000
    train_time:41.5615
    test_time:0.2221
Session is closed.
MNIST classification starts: 643.2467
best model trained: 49.1308
test done: 0.2404
Normalized confusion matrix
[[9.36734694e-01 0.00000000e+00 5.10204082e-03 2.04081633e-03
  3.06122449e-03 1.42857143e-02 2.44897959e-02 7.14285714e-03
  7.14285714e-03 0.00000000e+00]
 [0.00000000e+00 9.61233480e-01 5.28634361e-03 4.40528634e-03
  8.81057269e-04 8.81057269e-04 4.40528634e-03 0.00000000e+00
  2.29074890e-02 0.00000000e+00]
 [1.35658915e-02 3.87596899e-03 8.33333333e-01 2.81007752e-02
  1.25968992e-02 9.68992248e-03 2.42248062e-02 2.22868217e-02
  4.84496124e-02 3.87596899e-03]
 [5.94059406e-03 6.93069307e-03 4.35643564e-02 7.81188119e-01
  2.97029703e-03 3.96039604e-02 1.58415842e-02 2.47524752e-02
  6.23762376e-02 1.68316832e-02]
 [5.09164969e-03 1.12016293e-02 1.22199593e-02 8.14663951e-03
  8.52342159e-01 4.07331976e-03 1.73116090e-02 1.12016293e-02
  2.34215886e-02 5.49898167e-02]
 [2.13004484e-02 3.36322870e-03 1.12107623e-02 5.04484305e-02
  1.12107623e-02 7.80269058e-01 2.69058296e-02 1.45739910e-02
  6.95067265e-02 1.12107623e-02]
 [1.87891441e-02 2.08768267e-03 2.19206681e-02 3.13152401e-03
  2.08768267e-02 1.98329854e-02 8.82045929e-01 1.35699374e-02
  1.46137787e-02 3.13152401e-03]
 [3.89105058e-03 2.43190661e-02 2.33463035e-02 6.80933852e-03
  1.45914397e-02 4.86381323e-03 1.65369650e-02 8.66731518e-01
  4.86381323e-03 3.40466926e-02]
 [1.54004107e-02 1.74537988e-02 1.02669405e-02 2.15605749e-02
  1.23203285e-02 2.97741273e-02 1.84804928e-02 1.12936345e-02
  8.39835729e-01 2.36139630e-02]
 [1.28840436e-02 9.91080278e-03 6.93756194e-03 1.48662042e-02
  4.75718533e-02 6.93756194e-03 9.91080278e-04 5.25272547e-02
  9.91080278e-03 8.37462834e-01]]

    score:0.8590
    sparsity:1.0000
    train_time:49.1308
    test_time:0.2404
Session is closed.
MNIST classification starts: 693.5690
best model trained: 56.6928
test done: 0.2455
Normalized confusion matrix
[[0.9255102  0.         0.01530612 0.00408163 0.00204082 0.01938776
  0.02653061 0.00204082 0.00306122 0.00204082]
 [0.         0.97004405 0.00528634 0.00440529 0.00176211 0.00264317
  0.00264317 0.         0.01321586 0.        ]
 [0.01744186 0.00968992 0.83042636 0.02616279 0.01647287 0.00484496
  0.02810078 0.02325581 0.03488372 0.00872093]
 [0.00693069 0.00792079 0.03960396 0.83762376 0.0039604  0.04752475
  0.00594059 0.02376238 0.01782178 0.00891089]
 [0.00203666 0.00610998 0.01221996 0.00407332 0.87678208 0.00509165
  0.01527495 0.00712831 0.00712831 0.06415479]
 [0.01457399 0.00336323 0.00896861 0.02914798 0.02466368 0.83520179
  0.02242152 0.01569507 0.02914798 0.01681614]
 [0.00835073 0.01043841 0.03549061 0.00417537 0.01878914 0.02296451
  0.87473904 0.01148225 0.00521921 0.00835073]
 [0.00389105 0.01750973 0.02529183 0.01361868 0.01264591 0.00389105
  0.0077821  0.8463035  0.00291829 0.06614786]
 [0.00821355 0.01437372 0.01848049 0.03285421 0.02053388 0.0523614
  0.00924025 0.01540041 0.80903491 0.01950719]
 [0.01288404 0.0099108  0.00594648 0.0099108  0.05153617 0.01090188
  0.0049554  0.02675917 0.00693756 0.86025768]]

    score:0.8681
    sparsity:1.0000
    train_time:56.6928
    test_time:0.2455
Session is closed.
MNIST classification starts: 751.4348
best model trained: 63.9040
test done: 0.2828
Normalized confusion matrix
[[0.9377551  0.         0.01020408 0.00612245 0.         0.02346939
  0.01632653 0.00204082 0.00306122 0.00102041]
 [0.         0.97004405 0.00704846 0.00352423 0.         0.00264317
  0.00440529 0.         0.0123348  0.        ]
 [0.01937984 0.00968992 0.81395349 0.03197674 0.01744186 0.00290698
  0.03682171 0.01744186 0.04457364 0.00581395]
 [0.0029703  0.0039604  0.02871287 0.86534653 0.0049505  0.03465347
  0.00792079 0.01485149 0.02772277 0.00891089]
 [0.00203666 0.00203666 0.01731161 0.00203666 0.88289206 0.00814664
  0.02647658 0.00305499 0.00712831 0.04887984]
 [0.01121076 0.0044843  0.01569507 0.05605381 0.02017937 0.80717489
  0.02578475 0.01457399 0.03363229 0.01121076]
 [0.01565762 0.00521921 0.0177453  0.00417537 0.00626305 0.01356994
  0.91962422 0.00835073 0.00417537 0.00521921]
 [0.00291829 0.01653696 0.03307393 0.01264591 0.01361868 0.00680934
  0.00680934 0.83560311 0.01167315 0.06031128]
 [0.00718686 0.00616016 0.02669405 0.04106776 0.01026694 0.04312115
  0.00718686 0.01540041 0.82135524 0.02156057]
 [0.01684836 0.0049554  0.00891972 0.01288404 0.05847374 0.01982161
  0.00099108 0.02775025 0.01090188 0.83845391]]

    score:0.8707
    sparsity:1.0000
    train_time:63.9040
    test_time:0.2828
Session is closed.
MNIST classification starts: 816.5685
best model trained: 71.3443
test done: 0.2635
Normalized confusion matrix
[[0.95510204 0.         0.00510204 0.00204082 0.         0.01428571
  0.01020408 0.00918367 0.00306122 0.00102041]
 [0.         0.98061674 0.00176211 0.00528634 0.         0.00264317
  0.00264317 0.         0.00704846 0.        ]
 [0.01065891 0.00775194 0.81492248 0.03585271 0.02131783 0.00775194
  0.02325581 0.03488372 0.03972868 0.00387597]
 [0.00693069 0.0009901  0.02079208 0.87524752 0.0019802  0.04356436
  0.00792079 0.01881188 0.01782178 0.00594059]
 [0.00305499 0.00814664 0.00610998 0.00407332 0.89409369 0.00305499
  0.01832994 0.01120163 0.00916497 0.04276986]
 [0.01457399 0.00560538 0.01345291 0.06053812 0.0235426  0.81502242
  0.01569507 0.01345291 0.03139013 0.00672646]
 [0.0177453  0.00521921 0.02087683 0.00208768 0.02609603 0.02818372
  0.87995825 0.0125261  0.00626305 0.00104384]
 [0.00291829 0.01848249 0.03015564 0.00875486 0.01167315 0.00486381
  0.0077821  0.86575875 0.00875486 0.04085603]
 [0.01026694 0.0164271  0.0174538  0.03080082 0.02053388 0.03798768
  0.00821355 0.01437372 0.82854209 0.01540041]
 [0.01684836 0.0099108  0.00693756 0.01189296 0.06243806 0.01189296
  0.00198216 0.03171457 0.01387512 0.83250743]]

    score:0.8759
    sparsity:1.0000
    train_time:71.3443
    test_time:0.2635
Session is closed.
MNIST classification starts: 889.1047
best model trained: 78.7636
test done: 0.2976
Normalized confusion matrix
[[0.95306122 0.         0.00306122 0.00714286 0.         0.01734694
  0.01326531 0.00306122 0.00306122 0.        ]
 [0.         0.97092511 0.00176211 0.00264317 0.         0.00440529
  0.00528634 0.         0.01497797 0.        ]
 [0.01550388 0.00872093 0.81104651 0.04069767 0.01841085 0.0125969
  0.01744186 0.02616279 0.04360465 0.00581395]
 [0.00594059 0.0009901  0.02475248 0.87029703 0.0019802  0.03861386
  0.0049505  0.02277228 0.02277228 0.00693069]
 [0.00101833 0.00101833 0.01221996 0.00305499 0.89205703 0.00509165
  0.02342159 0.00610998 0.00814664 0.04786151]
 [0.01457399 0.00336323 0.01569507 0.03923767 0.01008969 0.82623318
  0.01457399 0.02130045 0.0426009  0.01233184]
 [0.01043841 0.00417537 0.00939457 0.00521921 0.02400835 0.0302714
  0.89665971 0.0125261  0.00313152 0.00417537]
 [0.00291829 0.01361868 0.02237354 0.01167315 0.01070039 0.00194553
  0.00486381 0.88424125 0.00291829 0.04474708]
 [0.00821355 0.00513347 0.01540041 0.04312115 0.01437372 0.03901437
  0.01129363 0.01950719 0.81724846 0.02669405]
 [0.01387512 0.00693756 0.01189296 0.01090188 0.05847374 0.01189296
  0.00396432 0.04360753 0.00891972 0.82953419]]

    score:0.8766
    sparsity:1.0000
    train_time:78.7636
    test_time:0.2976
Session is closed.
