nyx7010
2018-07-15 14:13:06.318239: W tensorflow/core/platform/cpu_feature_guard.cc:45] The TensorFlow library wasn't compiled to use SSE4.1 instructions, but these are available on your machine and could speed up CPU computations.
2018-07-15 14:13:06.318303: W tensorflow/core/platform/cpu_feature_guard.cc:45] The TensorFlow library wasn't compiled to use SSE4.2 instructions, but these are available on your machine and could speed up CPU computations.
2018-07-15 14:13:06.318316: W tensorflow/core/platform/cpu_feature_guard.cc:45] The TensorFlow library wasn't compiled to use AVX instructions, but these are available on your machine and could speed up CPU computations.
2018-07-15 14:13:06.318327: W tensorflow/core/platform/cpu_feature_guard.cc:45] The TensorFlow library wasn't compiled to use AVX2 instructions, but these are available on your machine and could speed up CPU computations.
2018-07-15 14:13:06.318343: W tensorflow/core/platform/cpu_feature_guard.cc:45] The TensorFlow library wasn't compiled to use FMA instructions, but these are available on your machine and could speed up CPU computations.
MNIST classification starts: 3.8422
best model trained: 13.0959
test done: 0.0159
Normalized confusion matrix
[[0.65517241 0.         0.03448276 0.         0.06896552 0.
  0.06896552 0.10344828 0.         0.06896552]
 [0.02173913 0.7826087  0.         0.         0.08695652 0.
  0.10869565 0.         0.         0.        ]
 [0.13157895 0.15789474 0.15789474 0.15789474 0.07894737 0.
  0.02631579 0.15789474 0.02631579 0.10526316]
 [0.07142857 0.21428571 0.03571429 0.28571429 0.14285714 0.03571429
  0.03571429 0.14285714 0.03571429 0.        ]
 [0.14634146 0.04878049 0.         0.07317073 0.56097561 0.
  0.04878049 0.         0.         0.12195122]
 [0.09677419 0.16129032 0.         0.16129032 0.19354839 0.03225806
  0.16129032 0.06451613 0.09677419 0.03225806]
 [0.04       0.         0.2        0.16       0.04       0.
  0.44       0.         0.04       0.08      ]
 [0.         0.08108108 0.05405405 0.02702703 0.02702703 0.
  0.13513514 0.48648649 0.         0.18918919]
 [0.04761905 0.19047619 0.         0.28571429 0.04761905 0.
  0.14285714 0.         0.04761905 0.23809524]
 [0.05405405 0.02702703 0.05405405 0.02702703 0.2972973  0.
  0.02702703 0.16216216 0.02702703 0.32432432]]

    score:0.4054
    sparsity:0.4983
    train_time:13.0959
    test_time:0.0159
Session is closed.
MNIST classification starts: 18.2723
best model trained: 7.8144
test done: 0.0397
Normalized confusion matrix
[[0.78857143 0.         0.04       0.         0.04       0.09142857
  0.02285714 0.         0.00571429 0.01142857]
 [0.         0.97435897 0.00854701 0.0042735  0.         0.
  0.00854701 0.         0.         0.0042735 ]
 [0.02283105 0.05936073 0.46575342 0.19634703 0.03652968 0.03196347
  0.03652968 0.07305936 0.06849315 0.00913242]
 [0.         0.04347826 0.03381643 0.75845411 0.01449275 0.0821256
  0.00966184 0.03864734 0.00966184 0.00966184]
 [0.01843318 0.02764977 0.01843318 0.         0.8202765  0.00921659
  0.01843318 0.03225806 0.00921659 0.04608295]
 [0.01675978 0.00558659 0.02793296 0.03351955 0.05027933 0.58659218
  0.05027933 0.05027933 0.1452514  0.03351955]
 [0.06179775 0.04494382 0.01685393 0.00561798 0.0505618  0.07303371
  0.69101124 0.03932584 0.01123596 0.00561798]
 [0.         0.10731707 0.         0.02439024 0.06341463 0.03414634
  0.0097561  0.67804878 0.00487805 0.07804878]
 [0.01041667 0.07291667 0.02604167 0.07291667 0.03645833 0.140625
  0.00520833 0.08333333 0.52604167 0.02604167]
 [0.00515464 0.04123711 0.01030928 0.01546392 0.1443299  0.01546392
  0.0257732  0.04123711 0.03092784 0.67010309]]

    score:0.7005
    sparsity:0.4973
    train_time:7.8144
    test_time:0.0397
Session is closed.
MNIST classification starts: 27.0567
best model trained: 14.6242
test done: 0.0811
Normalized confusion matrix
[[0.79228487 0.         0.04154303 0.00890208 0.02670623 0.02077151
  0.02670623 0.01186944 0.01780415 0.05341246]
 [0.00240385 0.95673077 0.         0.01201923 0.00240385 0.00240385
  0.00961538 0.         0.01442308 0.        ]
 [0.02617801 0.05497382 0.59162304 0.09947644 0.02094241 0.02094241
  0.05235602 0.07329843 0.05759162 0.0026178 ]
 [0.00265252 0.01591512 0.01591512 0.83023873 0.00795756 0.04509284
  0.         0.04244032 0.01591512 0.02387268]
 [0.01023018 0.02813299 0.02046036 0.01790281 0.7826087  0.01023018
  0.0230179  0.03580563 0.0230179  0.04859335]
 [0.01780415 0.00296736 0.01186944 0.13649852 0.08605341 0.59940653
  0.01780415 0.03264095 0.05934718 0.03560831]
 [0.02028986 0.02028986 0.02608696 0.00869565 0.03478261 0.02898551
  0.7826087  0.04637681 0.02028986 0.0115942 ]
 [0.01038961 0.05194805 0.02597403 0.01558442 0.03896104 0.00519481
  0.01558442 0.78701299 0.01038961 0.03896104]
 [0.01142857 0.06       0.02285714 0.10285714 0.06       0.04857143
  0.         0.05714286 0.61142857 0.02571429]
 [0.01156069 0.03757225 0.01445087 0.00867052 0.10693642 0.01156069
  0.00578035 0.0867052  0.03179191 0.6849711 ]]

    score:0.7463
    sparsity:0.4989
    train_time:14.6242
    test_time:0.0811
Session is closed.
MNIST classification starts: 42.7437
best model trained: 22.0064
test done: 0.1251
Normalized confusion matrix
[[0.87701613 0.         0.01008065 0.00403226 0.         0.03427419
  0.03629032 0.00604839 0.02419355 0.00806452]
 [0.         0.96721311 0.00163934 0.00983607 0.         0.00655738
  0.00655738 0.         0.00655738 0.00163934]
 [0.01431127 0.03220036 0.71914132 0.03756708 0.00894454 0.02146691
  0.05008945 0.03041145 0.07871199 0.00715564]
 [0.00562852 0.0206379  0.03189493 0.79737336 0.         0.08067542
  0.00375235 0.02814259 0.01688555 0.01500938]
 [0.00373134 0.02425373 0.0130597  0.01679104 0.72947761 0.01492537
  0.02052239 0.0261194  0.00559701 0.14552239]
 [0.01452282 0.00622407 0.00829876 0.093361   0.02074689 0.72821577
  0.01452282 0.03526971 0.03526971 0.04356846]
 [0.04848485 0.02424242 0.04242424 0.00808081 0.01818182 0.05858586
  0.78787879 0.0040404  0.00808081 0.        ]
 [0.003663   0.05128205 0.02930403 0.01098901 0.01282051 0.00732601
  0.00549451 0.79487179 0.01648352 0.06776557]
 [0.02115385 0.03846154 0.01730769 0.06346154 0.01730769 0.06153846
  0.01538462 0.04423077 0.67115385 0.05      ]
 [0.00359712 0.01798561 0.00899281 0.01258993 0.03597122 0.02338129
  0.00179856 0.05035971 0.01258993 0.83273381]]

    score:0.7932
    sparsity:0.5038
    train_time:22.0064
    test_time:0.1251
Session is closed.
MNIST classification starts: 65.8648
best model trained: 29.1950
test done: 0.1475
Normalized confusion matrix
[[0.93154762 0.         0.00595238 0.01339286 0.00297619 0.01488095
  0.01636905 0.00446429 0.00595238 0.00446429]
 [0.         0.96855346 0.00880503 0.00251572 0.00251572 0.00503145
  0.00377358 0.         0.00880503 0.        ]
 [0.01646091 0.02880658 0.77777778 0.03978052 0.00823045 0.00960219
  0.03566529 0.03155007 0.04663923 0.00548697]
 [0.00712251 0.01139601 0.02564103 0.83333333 0.0014245  0.03133903
  0.0014245  0.03703704 0.03561254 0.01566952]
 [0.01428571 0.01571429 0.01571429 0.00571429 0.81285714 0.00142857
  0.02285714 0.00714286 0.00857143 0.09571429]
 [0.02685624 0.01263823 0.0221169  0.10584518 0.01579779 0.69352291
  0.01263823 0.02527646 0.05687204 0.02843602]
 [0.02896341 0.01981707 0.07164634 0.00304878 0.02439024 0.01676829
  0.80792683 0.00914634 0.01371951 0.00457317]
 [0.00561798 0.04073034 0.02668539 0.00983146 0.00983146 0.00561798
  0.00280899 0.83286517 0.00842697 0.05758427]
 [0.01466276 0.02199413 0.04545455 0.03372434 0.01759531 0.02785924
  0.00439883 0.02346041 0.79178886 0.01906158]
 [0.01668985 0.02086231 0.0069541  0.01668985 0.05285118 0.01529903
  0.00139082 0.04172462 0.00973574 0.8178025 ]]

    score:0.8296
    sparsity:0.4938
    train_time:29.1950
    test_time:0.1475
Session is closed.
MNIST classification starts: 96.4278
best model trained: 37.9212
test done: 0.2134
Normalized confusion matrix
[[0.93957346 0.         0.00473934 0.00592417 0.0035545  0.01540284
  0.02251185 0.00236967 0.00473934 0.00118483]
 [0.         0.9745158  0.00509684 0.00407747 0.00101937 0.00203874
  0.00509684 0.00101937 0.00713558 0.        ]
 [0.02219756 0.03440622 0.78246393 0.02885683 0.02108768 0.00776915
  0.02441731 0.02552719 0.04661487 0.00665927]
 [0.00917431 0.01720183 0.02981651 0.81192661 0.00114679 0.05275229
  0.00688073 0.02408257 0.03669725 0.0103211 ]
 [0.00350058 0.01633606 0.01283547 0.00233372 0.83080513 0.00700117
  0.02683781 0.00933489 0.01166861 0.07934656]
 [0.02442159 0.01413882 0.01413882 0.07069409 0.03470437 0.7596401
  0.01413882 0.01028278 0.04627249 0.01156812]
 [0.03402187 0.01215067 0.01701094 0.         0.0145808  0.0255164
  0.87120292 0.0109356  0.01215067 0.00243013]
 [0.00340522 0.03518729 0.02043133 0.01248581 0.01702611 0.00340522
  0.00794552 0.83314415 0.0045403  0.06242906]
 [0.02125148 0.03069658 0.01062574 0.05194805 0.01770956 0.0472255
  0.01416765 0.01652893 0.76387249 0.02597403]
 [0.01473923 0.01587302 0.00680272 0.02040816 0.05895692 0.00566893
  0.00113379 0.03741497 0.00907029 0.82993197]]

    score:0.8418
    sparsity:0.4979
    train_time:37.9212
    test_time:0.2134
Session is closed.
MNIST classification starts: 135.5755
best model trained: 44.8821
test done: 0.2568
Normalized confusion matrix
[[0.94591837 0.         0.00612245 0.00408163 0.00102041 0.01836735
  0.0122449  0.00306122 0.00816327 0.00102041]
 [0.         0.95859031 0.00881057 0.00176211 0.00176211 0.00352423
  0.00352423 0.         0.02202643 0.        ]
 [0.01550388 0.01162791 0.8120155  0.03875969 0.01647287 0.00387597
  0.02228682 0.01550388 0.05910853 0.00484496]
 [0.0039604  0.01089109 0.02079208 0.86237624 0.0009901  0.03267327
  0.0039604  0.02574257 0.03069307 0.00792079]
 [0.00203666 0.00916497 0.00712831 0.00305499 0.90020367 0.00305499
  0.01934827 0.00916497 0.00814664 0.03869654]
 [0.01569507 0.01233184 0.01008969 0.04932735 0.02690583 0.80381166
  0.01681614 0.0190583  0.03923767 0.00672646]
 [0.02087683 0.00730689 0.01565762 0.00104384 0.02296451 0.01878914
  0.88935282 0.00730689 0.01670146 0.        ]
 [0.00291829 0.0233463  0.01945525 0.00583658 0.0155642  0.00389105
  0.00097276 0.88424125 0.01264591 0.0311284 ]
 [0.0164271  0.00924025 0.0174538  0.0338809  0.02053388 0.04004107
  0.00924025 0.01540041 0.81930185 0.01848049]
 [0.00693756 0.0049554  0.00198216 0.01684836 0.11298315 0.01684836
  0.00099108 0.06937562 0.02279485 0.74628345]]

    score:0.8637
    sparsity:0.5000
    train_time:44.8821
    test_time:0.2568
Session is closed.
MNIST classification starts: 181.7421
best model trained: 54.5652
test done: 0.2482
Normalized confusion matrix
[[9.43877551e-01 0.00000000e+00 6.12244898e-03 5.10204082e-03
  1.02040816e-03 1.22448980e-02 2.24489796e-02 2.04081633e-03
  6.12244898e-03 1.02040816e-03]
 [0.00000000e+00 9.59471366e-01 3.52422907e-03 2.64317181e-03
  8.81057269e-04 1.76211454e-03 5.28634361e-03 0.00000000e+00
  2.64317181e-02 0.00000000e+00]
 [1.35658915e-02 1.84108527e-02 7.97480620e-01 3.87596899e-02
  1.64728682e-02 1.93798450e-03 3.58527132e-02 1.55038760e-02
  5.42635659e-02 7.75193798e-03]
 [6.93069307e-03 6.93069307e-03 2.27722772e-02 8.58415842e-01
  9.90099010e-04 2.97029703e-02 6.93069307e-03 2.27722772e-02
  3.46534653e-02 9.90099010e-03]
 [4.07331976e-03 9.16496945e-03 1.32382892e-02 4.07331976e-03
  8.57433809e-01 2.03665988e-03 2.03665988e-02 8.14663951e-03
  1.12016293e-02 7.02647658e-02]
 [1.34529148e-02 8.96860987e-03 1.79372197e-02 6.61434978e-02
  1.68161435e-02 7.80269058e-01 2.57847534e-02 1.12107623e-02
  4.26008969e-02 1.68161435e-02]
 [1.87891441e-02 8.35073069e-03 1.04384134e-02 2.08768267e-03
  1.04384134e-02 1.98329854e-02 9.18580376e-01 4.17536534e-03
  6.26304802e-03 1.04384134e-03]
 [4.86381323e-03 2.33463035e-02 2.33463035e-02 1.16731518e-02
  1.75097276e-02 1.94552529e-03 1.94552529e-03 8.22957198e-01
  4.86381323e-03 8.75486381e-02]
 [9.24024641e-03 1.12936345e-02 9.24024641e-03 3.69609856e-02
  1.33470226e-02 3.69609856e-02 1.43737166e-02 1.12936345e-02
  8.35728953e-01 2.15605749e-02]
 [6.93756194e-03 6.93756194e-03 7.92864222e-03 1.38751239e-02
  5.84737364e-02 8.91972250e-03 9.91080278e-04 2.57680872e-02
  2.08126858e-02 8.49355798e-01]]

    score:0.8639
    sparsity:0.4975
    train_time:54.5652
    test_time:0.2482
Session is closed.
MNIST classification starts: 237.5747
best model trained: 62.5285
test done: 0.2756
Normalized confusion matrix
[[9.57142857e-01 0.00000000e+00 3.06122449e-03 6.12244898e-03
  0.00000000e+00 9.18367347e-03 1.63265306e-02 2.04081633e-03
  5.10204082e-03 1.02040816e-03]
 [0.00000000e+00 9.64757709e-01 5.28634361e-03 1.05726872e-02
  2.64317181e-03 1.76211454e-03 2.64317181e-03 8.81057269e-04
  1.14537445e-02 0.00000000e+00]
 [1.84108527e-02 3.87596899e-03 8.27519380e-01 3.58527132e-02
  1.93798450e-02 7.75193798e-03 2.13178295e-02 2.51937984e-02
  3.97286822e-02 9.68992248e-04]
 [6.93069307e-03 3.96039604e-03 1.38613861e-02 9.01980198e-01
  3.96039604e-03 1.78217822e-02 7.92079208e-03 1.78217822e-02
  1.78217822e-02 7.92079208e-03]
 [1.01832994e-03 7.12830957e-03 6.10997963e-03 3.05498982e-03
  9.13441955e-01 4.07331976e-03 2.03665988e-02 4.07331976e-03
  9.16496945e-03 3.15682281e-02]
 [1.45739910e-02 1.12107623e-02 8.96860987e-03 8.07174888e-02
  3.81165919e-02 7.60089686e-01 2.80269058e-02 1.34529148e-02
  3.13901345e-02 1.34529148e-02]
 [1.87891441e-02 6.26304802e-03 1.14822547e-02 9.39457203e-03
  1.35699374e-02 1.35699374e-02 9.19624217e-01 3.13152401e-03
  4.17536534e-03 0.00000000e+00]
 [4.86381323e-03 2.14007782e-02 2.33463035e-02 1.84824903e-02
  1.75097276e-02 1.94552529e-03 2.91828794e-03 8.62840467e-01
  1.36186770e-02 3.30739300e-02]
 [1.02669405e-02 1.54004107e-02 1.23203285e-02 6.05749487e-02
  1.33470226e-02 3.18275154e-02 9.24024641e-03 1.43737166e-02
  8.22381930e-01 1.02669405e-02]
 [1.48662042e-02 4.95540139e-03 1.98216056e-03 1.88305253e-02
  8.42418236e-02 2.08126858e-02 1.98216056e-03 3.17145689e-02
  6.93756194e-03 8.13676908e-01]]

    score:0.8763
    sparsity:0.5071
    train_time:62.5285
    test_time:0.2756
Session is closed.
MNIST classification starts: 301.6519
best model trained: 70.7531
test done: 0.2673
Normalized confusion matrix
[[0.95510204 0.         0.00510204 0.00408163 0.00408163 0.01326531
  0.0122449  0.00204082 0.00306122 0.00102041]
 [0.         0.969163   0.00264317 0.00352423 0.         0.00176211
  0.00352423 0.00176211 0.01762115 0.        ]
 [0.01453488 0.0125969  0.85174419 0.02034884 0.01453488 0.00290698
  0.02906977 0.01453488 0.03682171 0.00290698]
 [0.0039604  0.00891089 0.01980198 0.86138614 0.0009901  0.03663366
  0.00594059 0.02970297 0.02772277 0.0049505 ]
 [0.00203666 0.0101833  0.0101833  0.00407332 0.88696538 0.00610998
  0.00814664 0.00712831 0.00712831 0.05804481]
 [0.01008969 0.00560538 0.01121076 0.05269058 0.02802691 0.81278027
  0.01681614 0.01457399 0.03026906 0.01793722]
 [0.0177453  0.00626305 0.01878914 0.00208768 0.00626305 0.02818372
  0.9039666  0.00626305 0.01043841 0.        ]
 [0.00291829 0.02626459 0.01848249 0.01167315 0.0077821  0.00486381
  0.00194553 0.88715953 0.00680934 0.03210117]
 [0.01437372 0.01848049 0.01437372 0.0349076  0.01026694 0.04312115
  0.00616016 0.01437372 0.8100616  0.0338809 ]
 [0.01585728 0.01090188 0.00693756 0.00792864 0.06243806 0.01585728
  0.00198216 0.05450942 0.0099108  0.81367691]]

    score:0.8769
    sparsity:0.4980
    train_time:70.7531
    test_time:0.2673
Session is closed.
MNIST classification starts: 373.7032
best model trained: 80.1528
test done: 0.2672
Normalized confusion matrix
[[9.56122449e-01 0.00000000e+00 6.12244898e-03 3.06122449e-03
  0.00000000e+00 9.18367347e-03 1.63265306e-02 2.04081633e-03
  7.14285714e-03 0.00000000e+00]
 [0.00000000e+00 9.73568282e-01 3.52422907e-03 1.76211454e-03
  8.81057269e-04 0.00000000e+00 4.40528634e-03 0.00000000e+00
  1.58590308e-02 0.00000000e+00]
 [1.64728682e-02 1.16279070e-02 8.37209302e-01 2.51937984e-02
  1.16279070e-02 3.87596899e-03 2.61627907e-02 1.74418605e-02
  4.45736434e-02 5.81395349e-03]
 [3.96039604e-03 1.28712871e-02 2.47524752e-02 8.55445545e-01
  9.90099010e-04 2.87128713e-02 4.95049505e-03 1.78217822e-02
  4.05940594e-02 9.90099010e-03]
 [2.03665988e-03 5.09164969e-03 7.12830957e-03 1.01832994e-03
  8.96130346e-01 1.01832994e-03 1.93482688e-02 5.09164969e-03
  1.83299389e-02 4.48065173e-02]
 [1.34529148e-02 1.45739910e-02 1.12107623e-02 4.14798206e-02
  2.69058296e-02 7.88116592e-01 2.57847534e-02 1.34529148e-02
  5.04484305e-02 1.45739910e-02]
 [1.04384134e-02 8.35073069e-03 1.98329854e-02 1.04384134e-03
  1.98329854e-02 1.35699374e-02 9.14405010e-01 2.08768267e-03
  8.35073069e-03 2.08768267e-03]
 [3.89105058e-03 3.21011673e-02 2.43190661e-02 4.86381323e-03
  1.65369650e-02 9.72762646e-04 0.00000000e+00 8.53112840e-01
  6.80933852e-03 5.73929961e-02]
 [1.43737166e-02 1.84804928e-02 1.23203285e-02 2.25872690e-02
  1.12936345e-02 2.36139630e-02 1.02669405e-02 1.64271047e-02
  8.50102669e-01 2.05338809e-02]
 [1.78394450e-02 9.91080278e-03 5.94648167e-03 1.48662042e-02
  5.74826561e-02 7.92864222e-03 9.91080278e-04 3.66699703e-02
  9.91080278e-03 8.38453915e-01]]

    score:0.8780
    sparsity:0.5009
    train_time:80.1528
    test_time:0.2672
Session is closed.
MNIST classification starts: 455.1687
best model trained: 86.4215
test done: 0.3086
Normalized confusion matrix
[[9.47959184e-01 0.00000000e+00 6.12244898e-03 4.08163265e-03
  2.04081633e-03 1.63265306e-02 1.02040816e-02 5.10204082e-03
  7.14285714e-03 1.02040816e-03]
 [0.00000000e+00 9.64757709e-01 3.52422907e-03 1.76211454e-03
  8.81057269e-04 1.76211454e-03 6.16740088e-03 0.00000000e+00
  2.11453744e-02 0.00000000e+00]
 [1.45348837e-02 6.78294574e-03 8.39147287e-01 2.51937984e-02
  1.06589147e-02 7.75193798e-03 2.13178295e-02 1.93798450e-02
  4.94186047e-02 5.81395349e-03]
 [1.98019802e-03 1.98019802e-03 1.98019802e-02 8.74257426e-01
  3.96039604e-03 2.57425743e-02 7.92079208e-03 2.47524752e-02
  3.06930693e-02 8.91089109e-03]
 [3.05498982e-03 1.22199593e-02 1.52749491e-02 1.01832994e-03
  8.80855397e-01 2.03665988e-03 1.42566191e-02 7.12830957e-03
  1.42566191e-02 4.98981670e-02]
 [1.68161435e-02 2.24215247e-03 1.00896861e-02 5.04484305e-02
  1.45739910e-02 8.01569507e-01 1.79372197e-02 2.01793722e-02
  5.49327354e-02 1.12107623e-02]
 [1.35699374e-02 5.21920668e-03 1.35699374e-02 2.08768267e-03
  1.25260960e-02 1.67014614e-02 9.20668058e-01 4.17536534e-03
  1.04384134e-02 1.04384134e-03]
 [2.91828794e-03 1.75097276e-02 1.84824903e-02 3.89105058e-03
  7.78210117e-03 3.89105058e-03 1.94552529e-03 8.91050584e-01
  4.86381323e-03 4.76653696e-02]
 [1.02669405e-02 8.21355236e-03 1.23203285e-02 2.25872690e-02
  1.12936345e-02 3.79876797e-02 6.16016427e-03 1.33470226e-02
  8.55236140e-01 2.25872690e-02]
 [1.28840436e-02 1.09018831e-02 3.96432111e-03 1.78394450e-02
  3.96432111e-02 2.97324083e-03 0.00000000e+00 4.95540139e-02
  1.18929633e-02 8.50346878e-01]]

    score:0.8842
    sparsity:0.5005
    train_time:86.4215
    test_time:0.3086
Session is closed.
MNIST classification starts: 542.9532
best model trained: 1.3616
test done: 0.0129
Normalized confusion matrix
[[0.62068966 0.03448276 0.03448276 0.         0.03448276 0.13793103
  0.13793103 0.         0.         0.        ]
 [0.         0.93478261 0.         0.         0.         0.04347826
  0.02173913 0.         0.         0.        ]
 [0.05263158 0.18421053 0.23684211 0.02631579 0.10526316 0.02631579
  0.26315789 0.02631579 0.         0.07894737]
 [0.10714286 0.14285714 0.07142857 0.28571429 0.         0.14285714
  0.14285714 0.         0.03571429 0.07142857]
 [0.07317073 0.04878049 0.07317073 0.         0.34146341 0.
  0.07317073 0.04878049 0.04878049 0.29268293]
 [0.16129032 0.03225806 0.03225806 0.         0.09677419 0.29032258
  0.09677419 0.09677419 0.06451613 0.12903226]
 [0.16       0.08       0.         0.04       0.12       0.
  0.44       0.12       0.         0.04      ]
 [0.         0.08108108 0.         0.         0.05405405 0.05405405
  0.02702703 0.67567568 0.         0.10810811]
 [0.0952381  0.0952381  0.14285714 0.0952381  0.         0.
  0.         0.14285714 0.33333333 0.0952381 ]
 [0.02702703 0.05405405 0.02702703 0.         0.18918919 0.
  0.02702703 0.2972973  0.08108108 0.2972973 ]]

    score:0.4655
    sparsity:1.0000
    train_time:1.3616
    test_time:0.0129
Session is closed.
MNIST classification starts: 545.4151
best model trained: 7.8517
test done: 0.0410
Normalized confusion matrix
[[0.76571429 0.         0.03428571 0.03428571 0.01714286 0.05142857
  0.03428571 0.02285714 0.03428571 0.00571429]
 [0.         0.97863248 0.         0.         0.         0.
  0.01709402 0.         0.0042735  0.        ]
 [0.00913242 0.0456621  0.63013699 0.05022831 0.05479452 0.02283105
  0.05479452 0.05022831 0.08219178 0.        ]
 [0.00483092 0.05797101 0.02898551 0.62318841 0.05797101 0.0821256
  0.02415459 0.08695652 0.03381643 0.        ]
 [0.00921659 0.05069124 0.02304147 0.00460829 0.81105991 0.00921659
  0.04608295 0.01843318 0.00921659 0.01843318]
 [0.02793296 0.02234637 0.03351955 0.11731844 0.1452514  0.4301676
  0.03910615 0.0726257  0.08379888 0.02793296]
 [0.0505618  0.04494382 0.0505618  0.01123596 0.08426966 0.06179775
  0.66292135 0.00561798 0.02808989 0.        ]
 [0.00487805 0.10243902 0.0195122  0.04390244 0.13170732 0.02439024
  0.0195122  0.61463415 0.01463415 0.02439024]
 [0.02083333 0.08333333 0.03125    0.07291667 0.13541667 0.06770833
  0.046875   0.03645833 0.46354167 0.04166667]
 [0.         0.03092784 0.00515464 0.04123711 0.36082474 0.00515464
  0.01030928 0.1185567  0.0257732  0.40206186]]

    score:0.6470
    sparsity:1.0000
    train_time:7.8517
    test_time:0.0410
Session is closed.
MNIST classification starts: 554.2062
best model trained: 14.2794
test done: 0.0632
Normalized confusion matrix
[[0.86646884 0.         0.00890208 0.0148368  0.00296736 0.01780415
  0.0504451  0.00890208 0.02373887 0.00593472]
 [0.         0.95673077 0.00721154 0.00240385 0.         0.
  0.01201923 0.         0.02163462 0.        ]
 [0.01308901 0.0078534  0.72774869 0.04450262 0.0052356  0.01570681
  0.06020942 0.03664921 0.07591623 0.01308901]
 [0.00530504 0.00795756 0.02122016 0.71352785 0.00265252 0.0530504
  0.05570292 0.0397878  0.07692308 0.02387268]
 [0.00255754 0.02046036 0.03069054 0.02046036 0.7084399  0.
  0.03069054 0.02557545 0.01023018 0.15089514]
 [0.05637982 0.00593472 0.03857567 0.07715134 0.04747774 0.45103858
  0.05341246 0.0504451  0.15430267 0.0652819 ]
 [0.03188406 0.0173913  0.07536232 0.0057971  0.01449275 0.0173913
  0.77971014 0.03478261 0.0173913  0.0057971 ]
 [0.01558442 0.04675325 0.03896104 0.01038961 0.00779221 0.0025974
  0.01298701 0.72727273 0.01818182 0.11948052]
 [0.02285714 0.04571429 0.03428571 0.07428571 0.00857143 0.04
  0.02       0.01714286 0.71714286 0.02      ]
 [0.00578035 0.02312139 0.01156069 0.00867052 0.03757225 0.00578035
  0.01156069 0.07514451 0.02890173 0.79190751]]

    score:0.7474
    sparsity:1.0000
    train_time:14.2794
    test_time:0.0632
Session is closed.
MNIST classification starts: 569.5134
best model trained: 21.9474
test done: 0.1006
Normalized confusion matrix
[[0.84677419 0.         0.02217742 0.00403226 0.00403226 0.03629032
  0.0483871  0.00201613 0.03024194 0.00604839]
 [0.         0.96721311 0.00163934 0.00655738 0.         0.01311475
  0.00163934 0.00163934 0.00819672 0.        ]
 [0.01610018 0.01431127 0.70304114 0.07334526 0.01788909 0.01610018
  0.04651163 0.03935599 0.05187835 0.02146691]
 [0.00187617 0.01688555 0.03564728 0.78236398 0.00187617 0.06003752
  0.00938086 0.02251407 0.04315197 0.02626642]
 [0.00746269 0.01679104 0.02985075 0.00746269 0.73320896 0.00373134
  0.02985075 0.00932836 0.0130597  0.14925373]
 [0.04149378 0.01037344 0.03941909 0.08506224 0.01659751 0.60373444
  0.02697095 0.0373444  0.08921162 0.04979253]
 [0.02020202 0.01212121 0.02828283 0.01414141 0.04646465 0.03636364
  0.8020202  0.01818182 0.02020202 0.0020202 ]
 [0.00915751 0.03846154 0.02930403 0.02380952 0.01831502 0.00915751
  0.00915751 0.7967033  0.01098901 0.05494505]
 [0.02307692 0.02307692 0.02692308 0.06730769 0.00961538 0.04230769
  0.01730769 0.02115385 0.725      0.04423077]
 [0.00539568 0.01798561 0.01258993 0.01798561 0.07913669 0.01258993
  0.00539568 0.03776978 0.01798561 0.79316547]]

    score:0.7789
    sparsity:1.0000
    train_time:21.9474
    test_time:0.1006
Session is closed.
MNIST classification starts: 592.5357
best model trained: 29.5339
test done: 0.1609
Normalized confusion matrix
[[0.90922619 0.         0.00892857 0.00744048 0.         0.02380952
  0.02380952 0.01339286 0.01190476 0.0014881 ]
 [0.         0.96226415 0.00377358 0.00251572 0.         0.01886792
  0.00251572 0.         0.00754717 0.00251572]
 [0.01234568 0.02057613 0.77366255 0.05075446 0.01371742 0.01234568
  0.03978052 0.03566529 0.03566529 0.00548697]
 [0.01139601 0.01424501 0.01282051 0.79059829 0.00997151 0.05413105
  0.01851852 0.03418803 0.03133903 0.02279202]
 [0.01       0.01142857 0.00714286 0.00857143 0.82142857 0.00714286
  0.03       0.01142857 0.01142857 0.08142857]
 [0.01895735 0.00947867 0.01105845 0.07266983 0.01895735 0.71721959
  0.02685624 0.0221169  0.0600316  0.04265403]
 [0.02134146 0.01371951 0.03810976 0.02591463 0.01219512 0.02591463
  0.83536585 0.01829268 0.00304878 0.00609756]
 [0.00140449 0.03089888 0.01825843 0.01685393 0.01264045 0.00842697
  0.01404494 0.81601124 0.01544944 0.06601124]
 [0.01466276 0.02346041 0.00879765 0.0601173  0.02932551 0.06304985
  0.01612903 0.02785924 0.71260997 0.04398827]
 [0.01251739 0.01390821 0.01112656 0.02086231 0.05006954 0.01112656
  0.00556328 0.06815021 0.00973574 0.79694019]]

    score:0.8160
    sparsity:1.0000
    train_time:29.5339
    test_time:0.1609
Session is closed.
MNIST classification starts: 623.4419
best model trained: 37.3425
test done: 0.2151
Normalized confusion matrix
[[0.92890995 0.         0.00592417 0.00236967 0.00236967 0.02014218
  0.02369668 0.007109   0.00592417 0.0035545 ]
 [0.         0.9520897  0.0030581  0.01121305 0.0030581  0.00509684
  0.00509684 0.00101937 0.01936799 0.        ]
 [0.00665927 0.0099889  0.79689234 0.04328524 0.02108768 0.0099889
  0.02774695 0.03329634 0.04106548 0.0099889 ]
 [0.00688073 0.00458716 0.02637615 0.82912844 0.00688073 0.04357798
  0.00229358 0.02866972 0.0309633  0.0206422 ]
 [0.00233372 0.00350058 0.01633606 0.00466744 0.80746791 0.01166861
  0.01866978 0.01633606 0.00350058 0.11551925]
 [0.00899743 0.00385604 0.01028278 0.03727506 0.02570694 0.77249357
  0.02313625 0.03084833 0.04884319 0.03856041]
 [0.0218712  0.00607533 0.02673147 0.0036452  0.02065614 0.02673147
  0.87120292 0.00486027 0.0109356  0.0072904 ]
 [0.00227015 0.02383655 0.01589103 0.0215664  0.01816118 0.00681044
  0.01135074 0.82406356 0.01248581 0.06356413]
 [0.02007084 0.00826446 0.02125148 0.04132231 0.01416765 0.04604486
  0.01062574 0.02597403 0.77804014 0.03423849]
 [0.01020408 0.00793651 0.00907029 0.02040816 0.03514739 0.00453515
  0.00453515 0.02380952 0.00453515 0.87981859]]

    score:0.8458
    sparsity:1.0000
    train_time:37.3425
    test_time:0.2151
Session is closed.
MNIST classification starts: 662.1666
best model trained: 44.6931
test done: 0.2217
Normalized confusion matrix
[[9.29591837e-01 0.00000000e+00 9.18367347e-03 2.04081633e-03
  4.08163265e-03 1.02040816e-02 2.14285714e-02 1.12244898e-02
  1.12244898e-02 1.02040816e-03]
 [0.00000000e+00 9.63876652e-01 7.04845815e-03 3.52422907e-03
  0.00000000e+00 1.76211454e-03 3.52422907e-03 8.81057269e-04
  1.93832599e-02 0.00000000e+00]
 [1.93798450e-02 7.75193798e-03 8.18798450e-01 3.19767442e-02
  1.64728682e-02 3.87596899e-03 3.48837209e-02 2.51937984e-02
  3.68217054e-02 4.84496124e-03]
 [2.97029703e-03 4.95049505e-03 3.46534653e-02 8.35643564e-01
  1.98019802e-03 2.57425743e-02 9.90099010e-03 3.36633663e-02
  3.46534653e-02 1.58415842e-02]
 [5.09164969e-03 8.14663951e-03 1.01832994e-02 6.10997963e-03
  8.51323829e-01 6.10997963e-03 3.25865580e-02 1.22199593e-02
  1.52749491e-02 5.29531568e-02]
 [8.96860987e-03 7.84753363e-03 1.00896861e-02 5.04484305e-02
  2.35426009e-02 7.64573991e-01 2.91479821e-02 2.46636771e-02
  5.94170404e-02 2.13004484e-02]
 [1.46137787e-02 6.26304802e-03 3.23590814e-02 3.13152401e-03
  8.35073069e-03 2.08768267e-02 8.90396660e-01 1.25260960e-02
  1.14822547e-02 0.00000000e+00]
 [3.89105058e-03 1.94552529e-02 3.01556420e-02 1.36186770e-02
  9.72762646e-03 1.16731518e-02 1.07003891e-02 8.41439689e-01
  8.75486381e-03 5.05836576e-02]
 [1.64271047e-02 1.33470226e-02 1.64271047e-02 2.36139630e-02
  1.64271047e-02 3.18275154e-02 2.05338809e-02 1.54004107e-02
  8.19301848e-01 2.66940452e-02]
 [1.18929633e-02 6.93756194e-03 5.94648167e-03 1.78394450e-02
  5.25272547e-02 8.91972250e-03 4.95540139e-03 4.36075322e-02
  6.93756194e-03 8.40436075e-01]]

    score:0.8576
    sparsity:1.0000
    train_time:44.6931
    test_time:0.2217
Session is closed.
MNIST classification starts: 708.0673
best model trained: 53.7167
test done: 0.2474
Normalized confusion matrix
[[9.27551020e-01 0.00000000e+00 7.14285714e-03 7.14285714e-03
  2.04081633e-03 2.44897959e-02 1.83673469e-02 4.08163265e-03
  4.08163265e-03 5.10204082e-03]
 [0.00000000e+00 9.70044053e-01 3.52422907e-03 1.76211454e-03
  8.81057269e-04 3.52422907e-03 3.52422907e-03 0.00000000e+00
  1.67400881e-02 0.00000000e+00]
 [1.45348837e-02 1.35658915e-02 8.20736434e-01 3.00387597e-02
  1.64728682e-02 6.78294574e-03 3.10077519e-02 2.13178295e-02
  4.16666667e-02 3.87596899e-03]
 [2.97029703e-03 2.97029703e-03 2.77227723e-02 8.89108911e-01
  3.96039604e-03 2.77227723e-02 2.97029703e-03 1.58415842e-02
  1.58415842e-02 1.08910891e-02]
 [3.05498982e-03 6.10997963e-03 8.14663951e-03 9.16496945e-03
  8.39103870e-01 6.10997963e-03 2.74949084e-02 4.07331976e-03
  1.93482688e-02 7.73930754e-02]
 [1.00896861e-02 8.96860987e-03 1.56950673e-02 5.60538117e-02
  2.13004484e-02 8.00448430e-01 2.35426009e-02 2.35426009e-02
  2.91479821e-02 1.12107623e-02]
 [1.25260960e-02 8.35073069e-03 2.19206681e-02 1.46137787e-02
  1.98329854e-02 1.98329854e-02 8.83089770e-01 8.35073069e-03
  9.39457203e-03 2.08768267e-03]
 [1.94552529e-03 3.30739300e-02 2.52918288e-02 1.65369650e-02
  1.16731518e-02 1.94552529e-03 8.75486381e-03 8.29766537e-01
  2.91828794e-03 6.80933852e-02]
 [9.24024641e-03 1.64271047e-02 1.43737166e-02 4.82546201e-02
  1.33470226e-02 5.44147844e-02 1.12936345e-02 1.12936345e-02
  8.05954825e-01 1.54004107e-02]
 [1.48662042e-02 1.38751239e-02 8.91972250e-03 1.48662042e-02
  3.66699703e-02 1.09018831e-02 3.96432111e-03 3.96432111e-02
  4.95540139e-03 8.51337958e-01]]

    score:0.8636
    sparsity:1.0000
    train_time:53.7167
    test_time:0.2474
Session is closed.
MNIST classification starts: 763.0491
best model trained: 62.4352
test done: 0.2615
Normalized confusion matrix
[[0.95714286 0.         0.00306122 0.00408163 0.00102041 0.01632653
  0.01122449 0.00306122 0.00306122 0.00102041]
 [0.         0.97092511 0.00352423 0.0061674  0.00264317 0.
  0.00528634 0.         0.01145374 0.        ]
 [0.01647287 0.00775194 0.82751938 0.04748062 0.01550388 0.00678295
  0.02131783 0.02034884 0.03682171 0.        ]
 [0.0029703  0.0039604  0.02178218 0.88514851 0.0019802  0.02277228
  0.01188119 0.01683168 0.02079208 0.01188119]
 [0.00203666 0.00610998 0.0101833  0.00610998 0.88696538 0.00509165
  0.01425662 0.00305499 0.00712831 0.05906314]
 [0.01345291 0.0044843  0.01345291 0.05269058 0.02130045 0.78923767
  0.02017937 0.01681614 0.04147982 0.02690583]
 [0.03235908 0.00521921 0.03131524 0.00835073 0.01565762 0.02192067
  0.86430063 0.00417537 0.00730689 0.00939457]
 [0.00680934 0.01653696 0.02140078 0.01750973 0.01070039 0.00486381
  0.00583658 0.84533074 0.00389105 0.06712062]
 [0.01129363 0.0174538  0.01540041 0.05030801 0.01437372 0.0349076
  0.01232033 0.01129363 0.8100616  0.02258727]
 [0.00891972 0.00693756 0.00396432 0.01883053 0.0604559  0.00594648
  0.0049554  0.03072349 0.00693756 0.85232904]]

    score:0.8709
    sparsity:1.0000
    train_time:62.4352
    test_time:0.2615
Session is closed.
MNIST classification starts: 826.9962
best model trained: 71.1322
test done: 0.2679
Normalized confusion matrix
[[9.42857143e-01 0.00000000e+00 6.12244898e-03 4.08163265e-03
  0.00000000e+00 1.93877551e-02 1.93877551e-02 5.10204082e-03
  3.06122449e-03 0.00000000e+00]
 [0.00000000e+00 9.62995595e-01 4.40528634e-03 1.76211454e-03
  8.81057269e-04 6.16740088e-03 3.52422907e-03 1.76211454e-03
  1.85022026e-02 0.00000000e+00]
 [1.93798450e-02 1.06589147e-02 8.30426357e-01 2.81007752e-02
  9.68992248e-03 1.25968992e-02 2.61627907e-02 1.84108527e-02
  3.58527132e-02 8.72093023e-03]
 [1.98019802e-03 3.96039604e-03 2.37623762e-02 8.49504950e-01
  1.98019802e-03 5.84158416e-02 8.91089109e-03 1.38613861e-02
  2.07920792e-02 1.68316832e-02]
 [1.01832994e-03 6.10997963e-03 1.42566191e-02 3.05498982e-03
  8.56415479e-01 4.07331976e-03 1.73116090e-02 1.01832994e-02
  1.12016293e-02 7.63747454e-02]
 [8.96860987e-03 7.84753363e-03 1.45739910e-02 3.25112108e-02
  2.01793722e-02 8.37443946e-01 2.80269058e-02 1.90582960e-02
  1.23318386e-02 1.90582960e-02]
 [1.46137787e-02 4.17536534e-03 1.77453027e-02 4.17536534e-03
  1.25260960e-02 3.23590814e-02 8.95615866e-01 1.04384134e-02
  6.26304802e-03 2.08768267e-03]
 [2.91828794e-03 1.36186770e-02 2.14007782e-02 1.36186770e-02
  8.75486381e-03 5.83657588e-03 8.75486381e-03 8.66731518e-01
  2.91828794e-03 5.54474708e-02]
 [1.54004107e-02 1.23203285e-02 2.87474333e-02 2.56673511e-02
  8.21355236e-03 6.46817248e-02 1.33470226e-02 1.54004107e-02
  7.91581109e-01 2.46406571e-02]
 [1.38751239e-02 7.92864222e-03 5.94648167e-03 1.38751239e-02
  3.56788900e-02 1.38751239e-02 4.95540139e-03 3.36967294e-02
  5.94648167e-03 8.64222002e-01]]

    score:0.8712
    sparsity:1.0000
    train_time:71.1322
    test_time:0.2679
Session is closed.
MNIST classification starts: 899.4413
best model trained: 79.4321
test done: 0.3036
Normalized confusion matrix
[[9.54081633e-01 0.00000000e+00 5.10204082e-03 6.12244898e-03
  1.02040816e-03 1.12244898e-02 1.83673469e-02 1.02040816e-03
  3.06122449e-03 0.00000000e+00]
 [0.00000000e+00 9.69162996e-01 3.52422907e-03 1.76211454e-03
  8.81057269e-04 1.76211454e-03 4.40528634e-03 0.00000000e+00
  1.85022026e-02 0.00000000e+00]
 [8.72093023e-03 9.68992248e-03 8.30426357e-01 3.19767442e-02
  1.16279070e-02 1.06589147e-02 3.00387597e-02 2.32558140e-02
  3.68217054e-02 6.78294574e-03]
 [4.95049505e-03 4.95049505e-03 2.57425743e-02 8.58415842e-01
  1.98019802e-03 3.06930693e-02 7.92079208e-03 2.27722772e-02
  3.26732673e-02 9.90099010e-03]
 [3.05498982e-03 5.09164969e-03 9.16496945e-03 3.05498982e-03
  8.84928717e-01 6.10997963e-03 1.93482688e-02 9.16496945e-03
  6.10997963e-03 5.39714868e-02]
 [1.45739910e-02 1.12107623e-02 1.90582960e-02 5.49327354e-02
  2.01793722e-02 7.98206278e-01 2.57847534e-02 5.60538117e-03
  3.81165919e-02 1.23318386e-02]
 [1.35699374e-02 4.17536534e-03 3.13152401e-02 5.21920668e-03
  1.25260960e-02 1.46137787e-02 9.01878914e-01 7.30688935e-03
  7.30688935e-03 2.08768267e-03]
 [1.94552529e-03 1.94552529e-02 2.33463035e-02 1.36186770e-02
  8.75486381e-03 7.78210117e-03 8.75486381e-03 8.58949416e-01
  6.80933852e-03 5.05836576e-02]
 [1.02669405e-02 1.23203285e-02 2.05338809e-02 3.59342916e-02
  1.43737166e-02 2.25872690e-02 1.23203285e-02 1.33470226e-02
  8.41889117e-01 1.64271047e-02]
 [7.92864222e-03 5.94648167e-03 7.92864222e-03 1.38751239e-02
  4.26164519e-02 7.92864222e-03 2.97324083e-03 3.96432111e-02
  1.38751239e-02 8.57284440e-01]]

    score:0.8772
    sparsity:1.0000
    train_time:79.4321
    test_time:0.3036
Session is closed.
MNIST classification starts: 980.2109
best model trained: 87.8717
test done: 0.3106
Normalized confusion matrix
[[9.52040816e-01 0.00000000e+00 5.10204082e-03 6.12244898e-03
  3.06122449e-03 8.16326531e-03 1.32653061e-02 4.08163265e-03
  7.14285714e-03 1.02040816e-03]
 [0.00000000e+00 9.58590308e-01 1.76211454e-03 5.28634361e-03
  1.76211454e-03 8.81057269e-04 3.52422907e-03 0.00000000e+00
  2.81938326e-02 0.00000000e+00]
 [1.55038760e-02 9.68992248e-03 8.03294574e-01 3.58527132e-02
  1.55038760e-02 3.87596899e-03 2.81007752e-02 3.10077519e-02
  5.23255814e-02 4.84496124e-03]
 [9.90099010e-04 3.96039604e-03 1.98019802e-02 8.89108911e-01
  2.97029703e-03 1.88118812e-02 7.92079208e-03 1.38613861e-02
  3.46534653e-02 7.92079208e-03]
 [4.07331976e-03 6.10997963e-03 1.22199593e-02 1.01832994e-03
  8.63543788e-01 1.01832994e-03 1.93482688e-02 8.14663951e-03
  1.93482688e-02 6.51731161e-02]
 [6.72645740e-03 6.72645740e-03 6.72645740e-03 6.27802691e-02
  2.69058296e-02 7.63452915e-01 2.35426009e-02 2.01793722e-02
  7.06278027e-02 1.23318386e-02]
 [1.35699374e-02 3.13152401e-03 1.46137787e-02 6.26304802e-03
  8.35073069e-03 1.35699374e-02 9.14405010e-01 9.39457203e-03
  1.35699374e-02 3.13152401e-03]
 [1.94552529e-03 1.16731518e-02 2.23735409e-02 1.55642023e-02
  6.80933852e-03 2.91828794e-03 6.80933852e-03 8.68677043e-01
  7.78210117e-03 5.54474708e-02]
 [1.43737166e-02 1.02669405e-02 9.24024641e-03 2.46406571e-02
  1.33470226e-02 1.95071869e-02 8.21355236e-03 1.74537988e-02
  8.65503080e-01 1.74537988e-02]
 [8.91972250e-03 4.95540139e-03 1.09018831e-02 1.48662042e-02
  3.66699703e-02 8.91972250e-03 1.98216056e-03 4.45986125e-02
  2.18037661e-02 8.46382557e-01]]

    score:0.8743
    sparsity:1.0000
    train_time:87.8717
    test_time:0.3106
Session is closed.
