nyx7010
2018-07-15 14:13:06.313074: W tensorflow/core/platform/cpu_feature_guard.cc:45] The TensorFlow library wasn't compiled to use SSE4.1 instructions, but these are available on your machine and could speed up CPU computations.
2018-07-15 14:13:06.313193: W tensorflow/core/platform/cpu_feature_guard.cc:45] The TensorFlow library wasn't compiled to use SSE4.2 instructions, but these are available on your machine and could speed up CPU computations.
2018-07-15 14:13:06.313207: W tensorflow/core/platform/cpu_feature_guard.cc:45] The TensorFlow library wasn't compiled to use AVX instructions, but these are available on your machine and could speed up CPU computations.
2018-07-15 14:13:06.313217: W tensorflow/core/platform/cpu_feature_guard.cc:45] The TensorFlow library wasn't compiled to use AVX2 instructions, but these are available on your machine and could speed up CPU computations.
2018-07-15 14:13:06.313227: W tensorflow/core/platform/cpu_feature_guard.cc:45] The TensorFlow library wasn't compiled to use FMA instructions, but these are available on your machine and could speed up CPU computations.
MNIST classification starts: 3.7215
best model trained: 10.4423
test done: 0.0147
Normalized confusion matrix
[[0.48275862 0.03448276 0.03448276 0.10344828 0.03448276 0.24137931
  0.         0.         0.         0.06896552]
 [0.         0.93478261 0.         0.         0.         0.
  0.04347826 0.         0.         0.02173913]
 [0.         0.15789474 0.44736842 0.02631579 0.05263158 0.10526316
  0.13157895 0.02631579 0.02631579 0.02631579]
 [0.10714286 0.25       0.07142857 0.28571429 0.         0.03571429
  0.07142857 0.03571429 0.         0.14285714]
 [0.02439024 0.12195122 0.04878049 0.         0.41463415 0.
  0.         0.         0.         0.3902439 ]
 [0.06451613 0.19354839 0.03225806 0.16129032 0.19354839 0.25806452
  0.06451613 0.         0.         0.03225806]
 [0.12       0.         0.2        0.         0.04       0.04
  0.44       0.         0.         0.16      ]
 [0.02702703 0.08108108 0.05405405 0.10810811 0.02702703 0.
  0.         0.37837838 0.         0.32432432]
 [0.04761905 0.23809524 0.         0.04761905 0.14285714 0.04761905
  0.         0.0952381  0.23809524 0.14285714]
 [0.         0.10810811 0.         0.02702703 0.21621622 0.02702703
  0.         0.24324324 0.         0.37837838]]

    score:0.4535
    sparsity:0.5242
    train_time:10.4423
    test_time:0.0147
Session is closed.
MNIST classification starts: 15.3748
best model trained: 7.2159
test done: 0.0420
Normalized confusion matrix
[[0.84       0.01142857 0.02857143 0.         0.01714286 0.02857143
  0.02857143 0.01142857 0.03428571 0.        ]
 [0.         0.95299145 0.0042735  0.         0.00854701 0.0042735
  0.01282051 0.         0.01709402 0.        ]
 [0.04109589 0.04109589 0.6347032  0.05479452 0.         0.00913242
  0.08219178 0.05479452 0.08219178 0.        ]
 [0.01449275 0.02898551 0.00966184 0.69082126 0.00966184 0.09661836
  0.00966184 0.04347826 0.06280193 0.03381643]
 [0.00460829 0.02764977 0.02304147 0.         0.79723502 0.00921659
  0.01843318 0.03686636 0.01382488 0.06912442]
 [0.06703911 0.00558659 0.02234637 0.15083799 0.0726257  0.43575419
  0.05027933 0.05027933 0.08379888 0.06145251]
 [0.01685393 0.02247191 0.13483146 0.01123596 0.06179775 0.01685393
  0.66853933 0.01685393 0.04494382 0.00561798]
 [0.01463415 0.07317073 0.02926829 0.0195122  0.04878049 0.00487805
  0.0097561  0.69756098 0.03902439 0.06341463]
 [0.02604167 0.0625     0.06770833 0.05729167 0.05208333 0.04166667
  0.03125    0.03125    0.58854167 0.04166667]
 [0.01030928 0.02061856 0.00515464 0.00515464 0.15463918 0.01030928
  0.00515464 0.08247423 0.0257732  0.68041237]]

    score:0.7050
    sparsity:0.5040
    train_time:7.2159
    test_time:0.0420
Session is closed.
MNIST classification starts: 23.4983
best model trained: 13.3951
test done: 0.0765
Normalized confusion matrix
[[0.8694362  0.00296736 0.0148368  0.00593472 0.00593472 0.03264095
  0.03560831 0.0148368  0.01780415 0.        ]
 [0.         0.94711538 0.01201923 0.         0.00480769 0.00721154
  0.01201923 0.00721154 0.00961538 0.        ]
 [0.02356021 0.04188482 0.69109948 0.05759162 0.0078534  0.01832461
  0.04712042 0.04712042 0.06282723 0.0026178 ]
 [0.00795756 0.02122016 0.02917772 0.74270557 0.00530504 0.04774536
  0.03713528 0.05835544 0.0397878  0.01061008]
 [0.00767263 0.         0.01023018 0.00255754 0.84654731 0.00767263
  0.03069054 0.01534527 0.01790281 0.06138107]
 [0.02670623 0.01780415 0.02670623 0.08605341 0.06824926 0.48367953
  0.04451039 0.05637982 0.1305638  0.05934718]
 [0.02318841 0.02318841 0.02028986 0.0057971  0.04057971 0.02318841
  0.83188406 0.02028986 0.0115942  0.        ]
 [0.0025974  0.04675325 0.03896104 0.01298701 0.03636364 0.00779221
  0.00779221 0.81038961 0.01038961 0.02597403]
 [0.02       0.05142857 0.02285714 0.06857143 0.03714286 0.04
  0.01142857 0.02857143 0.71142857 0.00857143]
 [0.01156069 0.01445087 0.00867052 0.01445087 0.17052023 0.01734104
  0.00578035 0.1300578  0.04046243 0.5867052 ]]

    score:0.7572
    sparsity:0.5140
    train_time:13.3951
    test_time:0.0765
Session is closed.
MNIST classification starts: 37.8632
best model trained: 20.1999
test done: 0.1191
Normalized confusion matrix
[[0.9233871  0.         0.0141129  0.01008065 0.00403226 0.00403226
  0.00403226 0.00604839 0.02822581 0.00604839]
 [0.         0.95245902 0.00327869 0.00655738 0.00163934 0.01147541
  0.01147541 0.00163934 0.00983607 0.00163934]
 [0.01610018 0.03398927 0.73345259 0.07334526 0.00894454 0.00715564
  0.02325581 0.0411449  0.05724508 0.00536673]
 [0.00562852 0.01688555 0.0412758  0.79362101 0.00562852 0.05816135
  0.00375235 0.03377111 0.02814259 0.01313321]
 [0.         0.01492537 0.0130597  0.00932836 0.77425373 0.00746269
  0.0261194  0.02238806 0.01679104 0.11567164]
 [0.02697095 0.00829876 0.02074689 0.09543568 0.03526971 0.63692946
  0.01452282 0.0373444  0.06224066 0.06224066]
 [0.04646465 0.01818182 0.07878788 0.0020202  0.01616162 0.04040404
  0.76767677 0.00808081 0.01616162 0.00606061]
 [0.00732601 0.04578755 0.03113553 0.02197802 0.01831502 0.003663
  0.0018315  0.79304029 0.01648352 0.06043956]
 [0.01923077 0.01538462 0.03653846 0.05576923 0.02692308 0.03653846
  0.00769231 0.01730769 0.73846154 0.04615385]
 [0.00899281 0.01798561 0.01079137 0.01618705 0.05395683 0.00899281
  0.01438849 0.10071942 0.00899281 0.75899281]]

    score:0.7900
    sparsity:0.5010
    train_time:20.1999
    test_time:0.1191
Session is closed.
MNIST classification starts: 59.1100
best model trained: 26.6972
test done: 0.1413
Normalized confusion matrix
[[0.92708333 0.         0.01488095 0.00892857 0.00297619 0.01785714
  0.01934524 0.0014881  0.00446429 0.00297619]
 [0.         0.97358491 0.00377358 0.00754717 0.00125786 0.00377358
  0.00503145 0.         0.00503145 0.        ]
 [0.01371742 0.01920439 0.81207133 0.04938272 0.01234568 0.00685871
  0.04389575 0.01646091 0.02194787 0.00411523]
 [0.002849   0.01139601 0.02706553 0.84615385 0.0014245  0.04415954
  0.00854701 0.02706553 0.01994302 0.01139601]
 [0.00571429 0.01857143 0.01142857 0.00428571 0.82142857 0.02285714
  0.02428571 0.01       0.00428571 0.07714286]
 [0.01421801 0.0221169  0.0221169  0.09952607 0.02527646 0.70300158
  0.0221169  0.01895735 0.04739336 0.02527646]
 [0.01371951 0.02286585 0.03963415 0.         0.02591463 0.02286585
  0.86280488 0.00914634 0.00304878 0.        ]
 [0.00421348 0.03792135 0.03089888 0.00983146 0.01123596 0.00421348
  0.00561798 0.83005618 0.00421348 0.06179775]
 [0.02052786 0.03665689 0.02785924 0.08504399 0.02052786 0.07917889
  0.00733138 0.01906158 0.66568915 0.03812317]
 [0.01668985 0.01529903 0.01112656 0.01808067 0.06119611 0.02642559
  0.         0.0472879  0.00973574 0.79415855]]

    score:0.8264
    sparsity:0.5055
    train_time:26.6972
    test_time:0.1413
Session is closed.
MNIST classification starts: 87.0907
best model trained: 34.2549
test done: 0.2052
Normalized confusion matrix
[[0.93009479 0.         0.007109   0.00118483 0.00592417 0.02014218
  0.02488152 0.00236967 0.007109   0.00118483]
 [0.         0.96941896 0.00713558 0.00509684 0.0030581  0.00203874
  0.0030581  0.         0.00917431 0.00101937]
 [0.0199778  0.01886792 0.7991121  0.05327414 0.01442841 0.00443951
  0.0299667  0.02108768 0.03218646 0.00665927]
 [0.00458716 0.00573394 0.03784404 0.84633028 0.00344037 0.04013761
  0.00229358 0.01834862 0.02293578 0.01834862]
 [0.00350058 0.00583431 0.01166861 0.00350058 0.84830805 0.00816803
  0.02217036 0.00933489 0.01400233 0.07351225]
 [0.01928021 0.00514139 0.02313625 0.05141388 0.02699229 0.76992288
  0.01928021 0.01670951 0.05012853 0.01799486]
 [0.01701094 0.00486027 0.02065614 0.00121507 0.03402187 0.02794654
  0.88335358 0.0036452  0.0072904  0.        ]
 [0.00113507 0.02497162 0.0261067  0.01135074 0.01702611 0.00567537
  0.00340522 0.84222474 0.01248581 0.05561862]
 [0.01416765 0.01652893 0.02007084 0.0472255  0.0283353  0.04368359
  0.01180638 0.0188902  0.77095632 0.0283353 ]
 [0.01360544 0.01133787 0.00680272 0.0170068  0.08390023 0.01360544
  0.         0.02154195 0.01133787 0.82086168]]

    score:0.8500
    sparsity:0.5031
    train_time:34.2549
    test_time:0.2052
Session is closed.
MNIST classification starts: 122.5020
best model trained: 40.6906
test done: 0.2295
Normalized confusion matrix
[[0.92959184 0.         0.01530612 0.00204082 0.00102041 0.02346939
  0.02040816 0.00204082 0.00612245 0.        ]
 [0.         0.97092511 0.00264317 0.00264317 0.         0.00176211
  0.00440529 0.         0.01762115 0.        ]
 [0.02228682 0.0125969  0.7877907  0.03585271 0.02616279 0.00290698
  0.03682171 0.0251938  0.04263566 0.00775194]
 [0.0049505  0.00792079 0.01980198 0.85643564 0.0019802  0.03267327
  0.00891089 0.02277228 0.03267327 0.01188119]
 [0.00305499 0.0101833  0.01425662 0.00305499 0.86965377 0.00203666
  0.0101833  0.00305499 0.01629328 0.06822811]
 [0.01008969 0.01008969 0.00896861 0.0706278  0.02690583 0.74887892
  0.03026906 0.02017937 0.05493274 0.0190583 ]
 [0.01565762 0.00939457 0.02192067 0.         0.00939457 0.0177453
  0.90814196 0.00417537 0.01148225 0.00208768]
 [0.00291829 0.02140078 0.02140078 0.00875486 0.01848249 0.00097276
  0.00389105 0.8540856  0.00680934 0.06128405]
 [0.0164271  0.02156057 0.01437372 0.03696099 0.0164271  0.04004107
  0.00821355 0.01334702 0.81211499 0.02053388]
 [0.00792864 0.01189296 0.00396432 0.01684836 0.04558969 0.00396432
  0.0049554  0.03171457 0.0099108  0.86323092]]

    score:0.8623
    sparsity:0.4985
    train_time:40.6906
    test_time:0.2295
Session is closed.
MNIST classification starts: 164.4080
best model trained: 48.4413
test done: 0.2404
Normalized confusion matrix
[[0.94081633 0.         0.00306122 0.00510204 0.00204082 0.01836735
  0.02142857 0.00306122 0.00612245 0.        ]
 [0.         0.97004405 0.00352423 0.00264317 0.00176211 0.
  0.00440529 0.         0.01762115 0.        ]
 [0.01937984 0.01162791 0.82267442 0.02810078 0.01841085 0.00581395
  0.02713178 0.01453488 0.04844961 0.00387597]
 [0.0049505  0.00792079 0.01980198 0.85940594 0.         0.03564356
  0.00693069 0.02376238 0.03366337 0.00792079]
 [0.00101833 0.00610998 0.00509165 0.00101833 0.87780041 0.00203666
  0.02138493 0.00610998 0.02342159 0.05600815]
 [0.01233184 0.00896861 0.00336323 0.07286996 0.03811659 0.76233184
  0.0235426  0.01121076 0.05605381 0.01121076]
 [0.01356994 0.00835073 0.0125261  0.00104384 0.01670146 0.02400835
  0.91231733 0.00208768 0.00939457 0.        ]
 [0.00389105 0.02821012 0.02140078 0.01070039 0.01459144 0.
  0.00389105 0.85214008 0.01653696 0.04863813]
 [0.00924025 0.02053388 0.00718686 0.03696099 0.01540041 0.03593429
  0.00410678 0.01232033 0.84086242 0.0174538 ]
 [0.00891972 0.00792864 0.00396432 0.01783944 0.07135778 0.00792864
  0.00594648 0.04558969 0.01684836 0.81367691]]

    score:0.8672
    sparsity:0.4970
    train_time:48.4413
    test_time:0.2404
Session is closed.
MNIST classification starts: 214.0750
best model trained: 55.9221
test done: 0.2683
Normalized confusion matrix
[[9.44897959e-01 0.00000000e+00 5.10204082e-03 4.08163265e-03
  1.02040816e-03 2.24489796e-02 1.12244898e-02 3.06122449e-03
  7.14285714e-03 1.02040816e-03]
 [0.00000000e+00 9.74449339e-01 2.64317181e-03 3.52422907e-03
  8.81057269e-04 8.81057269e-04 4.40528634e-03 0.00000000e+00
  1.32158590e-02 0.00000000e+00]
 [1.93798450e-02 9.68992248e-03 8.25581395e-01 2.61627907e-02
  1.74418605e-02 6.78294574e-03 2.13178295e-02 1.84108527e-02
  5.13565891e-02 3.87596899e-03]
 [1.98019802e-03 6.93069307e-03 2.27722772e-02 8.90099010e-01
  1.98019802e-03 2.57425743e-02 1.98019802e-03 1.58415842e-02
  2.37623762e-02 8.91089109e-03]
 [2.03665988e-03 1.32382892e-02 6.10997963e-03 3.05498982e-03
  8.78818737e-01 3.05498982e-03 1.93482688e-02 6.10997963e-03
  1.01832994e-02 5.80448065e-02]
 [8.96860987e-03 6.72645740e-03 1.34529148e-02 6.16591928e-02
  2.91479821e-02 7.83632287e-01 1.90582960e-02 2.13004484e-02
  4.37219731e-02 1.23318386e-02]
 [2.19206681e-02 5.21920668e-03 1.56576200e-02 3.13152401e-03
  1.56576200e-02 2.50521921e-02 8.99791232e-01 3.13152401e-03
  1.04384134e-02 0.00000000e+00]
 [4.86381323e-03 1.55642023e-02 2.33463035e-02 1.84824903e-02
  1.75097276e-02 4.86381323e-03 4.86381323e-03 8.50194553e-01
  5.83657588e-03 5.44747082e-02]
 [1.23203285e-02 1.54004107e-02 1.12936345e-02 3.28542094e-02
  9.24024641e-03 4.20944559e-02 1.43737166e-02 2.15605749e-02
  8.25462012e-01 1.54004107e-02]
 [9.91080278e-03 4.95540139e-03 6.93756194e-03 1.48662042e-02
  4.26164519e-02 8.91972250e-03 1.98216056e-03 4.06342914e-02
  1.48662042e-02 8.54311199e-01]]

    score:0.8747
    sparsity:0.4981
    train_time:55.9221
    test_time:0.2683
Session is closed.
MNIST classification starts: 271.4574
best model trained: 63.4135
test done: 0.2514
Normalized confusion matrix
[[9.56122449e-01 0.00000000e+00 4.08163265e-03 6.12244898e-03
  0.00000000e+00 1.12244898e-02 1.22448980e-02 3.06122449e-03
  6.12244898e-03 1.02040816e-03]
 [0.00000000e+00 9.71806167e-01 3.52422907e-03 3.52422907e-03
  8.81057269e-04 3.52422907e-03 3.52422907e-03 8.81057269e-04
  1.23348018e-02 0.00000000e+00]
 [1.06589147e-02 1.45348837e-02 8.48837209e-01 3.00387597e-02
  1.35658915e-02 4.84496124e-03 1.55038760e-02 1.84108527e-02
  4.26356589e-02 9.68992248e-04]
 [7.92079208e-03 4.95049505e-03 2.27722772e-02 8.75247525e-01
  0.00000000e+00 2.87128713e-02 2.97029703e-03 2.37623762e-02
  2.77227723e-02 5.94059406e-03]
 [3.05498982e-03 5.09164969e-03 8.14663951e-03 5.09164969e-03
  8.87983707e-01 9.16496945e-03 1.22199593e-02 4.07331976e-03
  2.03665988e-02 4.48065173e-02]
 [1.68161435e-02 5.60538117e-03 4.48430493e-03 5.94170404e-02
  1.90582960e-02 7.89237668e-01 1.79372197e-02 2.13004484e-02
  5.04484305e-02 1.56950673e-02]
 [1.14822547e-02 4.17536534e-03 8.35073069e-03 1.04384134e-03
  1.35699374e-02 1.87891441e-02 9.27974948e-01 1.04384134e-03
  1.35699374e-02 0.00000000e+00]
 [3.89105058e-03 2.33463035e-02 1.84824903e-02 8.75486381e-03
  5.83657588e-03 1.94552529e-03 4.86381323e-03 8.72568093e-01
  8.75486381e-03 5.15564202e-02]
 [1.23203285e-02 1.33470226e-02 1.43737166e-02 4.72279261e-02
  1.64271047e-02 4.72279261e-02 1.54004107e-02 1.23203285e-02
  8.05954825e-01 1.54004107e-02]
 [1.38751239e-02 7.92864222e-03 3.96432111e-03 1.88305253e-02
  5.45094153e-02 1.58572844e-02 2.97324083e-03 4.65807730e-02
  8.91972250e-03 8.26560951e-01]]

    score:0.8781
    sparsity:0.5016
    train_time:63.4135
    test_time:0.2514
Session is closed.
MNIST classification starts: 336.1119
best model trained: 70.3441
test done: 0.2897
Normalized confusion matrix
[[9.54081633e-01 0.00000000e+00 2.04081633e-03 7.14285714e-03
  2.04081633e-03 1.12244898e-02 1.63265306e-02 0.00000000e+00
  5.10204082e-03 2.04081633e-03]
 [0.00000000e+00 9.65638767e-01 6.16740088e-03 7.04845815e-03
  8.81057269e-04 1.76211454e-03 4.40528634e-03 0.00000000e+00
  1.40969163e-02 0.00000000e+00]
 [1.16279070e-02 1.25968992e-02 8.43023256e-01 2.61627907e-02
  1.16279070e-02 2.90697674e-03 3.10077519e-02 1.93798450e-02
  3.68217054e-02 4.84496124e-03]
 [2.97029703e-03 5.94059406e-03 1.08910891e-02 9.04950495e-01
  1.98019802e-03 1.88118812e-02 4.95049505e-03 1.18811881e-02
  2.77227723e-02 9.90099010e-03]
 [2.03665988e-03 2.03665988e-03 6.10997963e-03 2.03665988e-03
  9.09368635e-01 3.05498982e-03 6.10997963e-03 5.09164969e-03
  5.09164969e-03 5.90631365e-02]
 [1.68161435e-02 7.84753363e-03 1.12107623e-02 7.39910314e-02
  2.13004484e-02 7.80269058e-01 2.46636771e-02 1.12107623e-02
  3.36322870e-02 1.90582960e-02]
 [1.25260960e-02 7.30688935e-03 2.08768267e-02 3.13152401e-03
  1.67014614e-02 2.40083507e-02 9.08141962e-01 3.13152401e-03
  3.13152401e-03 1.04384134e-03]
 [9.72762646e-04 1.65369650e-02 2.33463035e-02 6.80933852e-03
  1.07003891e-02 3.89105058e-03 9.72762646e-04 8.83268482e-01
  5.83657588e-03 4.76653696e-02]
 [7.18685832e-03 1.54004107e-02 1.02669405e-02 4.72279261e-02
  1.84804928e-02 3.28542094e-02 1.54004107e-02 1.54004107e-02
  8.14168378e-01 2.36139630e-02]
 [1.09018831e-02 5.94648167e-03 1.98216056e-03 1.09018831e-02
  3.86521308e-02 8.91972250e-03 9.91080278e-04 2.57680872e-02
  6.93756194e-03 8.88999009e-01]]

    score:0.8872
    sparsity:0.5001
    train_time:70.3441
    test_time:0.2897
Session is closed.
MNIST classification starts: 407.7371
best model trained: 77.8531
test done: 0.2973
Normalized confusion matrix
[[9.56122449e-01 0.00000000e+00 7.14285714e-03 4.08163265e-03
  1.02040816e-03 9.18367347e-03 1.12244898e-02 2.04081633e-03
  8.16326531e-03 1.02040816e-03]
 [0.00000000e+00 9.69162996e-01 6.16740088e-03 1.76211454e-03
  8.81057269e-04 8.81057269e-04 3.52422907e-03 8.81057269e-04
  1.67400881e-02 0.00000000e+00]
 [1.35658915e-02 5.81395349e-03 8.43992248e-01 2.32558140e-02
  7.75193798e-03 8.72093023e-03 1.93798450e-02 2.71317829e-02
  4.84496124e-02 1.93798450e-03]
 [3.96039604e-03 2.97029703e-03 2.77227723e-02 8.60396040e-01
  2.97029703e-03 3.86138614e-02 2.97029703e-03 1.88118812e-02
  3.26732673e-02 8.91089109e-03]
 [5.09164969e-03 5.09164969e-03 9.16496945e-03 2.03665988e-03
  9.15478615e-01 3.05498982e-03 1.32382892e-02 2.03665988e-03
  6.10997963e-03 3.86965377e-02]
 [1.68161435e-02 6.72645740e-03 1.34529148e-02 3.36322870e-02
  1.45739910e-02 8.26233184e-01 1.90582960e-02 2.24215247e-02
  3.81165919e-02 8.96860987e-03]
 [1.77453027e-02 8.35073069e-03 1.56576200e-02 3.13152401e-03
  1.14822547e-02 1.67014614e-02 9.10229645e-01 4.17536534e-03
  1.25260960e-02 0.00000000e+00]
 [4.86381323e-03 2.04280156e-02 2.62645914e-02 6.80933852e-03
  1.07003891e-02 1.94552529e-03 1.94552529e-03 8.86186770e-01
  2.91828794e-03 3.79377432e-02]
 [8.21355236e-03 1.64271047e-02 1.43737166e-02 2.56673511e-02
  9.24024641e-03 4.31211499e-02 8.21355236e-03 1.54004107e-02
  8.48049281e-01 1.12936345e-02]
 [1.38751239e-02 9.91080278e-03 6.93756194e-03 8.91972250e-03
  5.05450942e-02 6.93756194e-03 9.91080278e-04 5.15361744e-02
  1.38751239e-02 8.36471754e-01]]

    score:0.8866
    sparsity:0.4998
    train_time:77.8531
    test_time:0.2973
Session is closed.
MNIST classification starts: 486.9124
best model trained: 1.2938
test done: 0.0113
Normalized confusion matrix
[[0.72413793 0.         0.         0.10344828 0.06896552 0.06896552
  0.03448276 0.         0.         0.        ]
 [0.         0.95652174 0.02173913 0.         0.         0.
  0.02173913 0.         0.         0.        ]
 [0.05263158 0.21052632 0.36842105 0.07894737 0.         0.02631579
  0.10526316 0.10526316 0.05263158 0.        ]
 [0.         0.17857143 0.         0.32142857 0.03571429 0.07142857
  0.32142857 0.03571429 0.         0.03571429]
 [0.02439024 0.         0.17073171 0.04878049 0.3902439  0.02439024
  0.19512195 0.         0.02439024 0.12195122]
 [0.03225806 0.         0.         0.06451613 0.16129032 0.25806452
  0.35483871 0.09677419 0.         0.03225806]
 [0.16       0.         0.         0.08       0.04       0.
  0.64       0.08       0.         0.        ]
 [0.         0.10810811 0.10810811 0.05405405 0.05405405 0.02702703
  0.16216216 0.32432432 0.         0.16216216]
 [0.04761905 0.04761905 0.04761905 0.         0.23809524 0.0952381
  0.28571429 0.         0.0952381  0.14285714]
 [0.         0.         0.18918919 0.10810811 0.24324324 0.02702703
  0.18918919 0.02702703 0.         0.21621622]]

    score:0.4505
    sparsity:1.0000
    train_time:1.2938
    test_time:0.0113
Session is closed.
MNIST classification starts: 489.2619
best model trained: 7.2331
test done: 0.0331
Normalized confusion matrix
[[0.74285714 0.         0.01142857 0.         0.02857143 0.04
  0.04       0.02285714 0.09142857 0.02285714]
 [0.         0.94871795 0.         0.02991453 0.         0.00854701
  0.0042735  0.0042735  0.0042735  0.        ]
 [0.01369863 0.05022831 0.42922374 0.0456621  0.05022831 0.00913242
  0.12785388 0.10045662 0.14155251 0.03196347]
 [0.00966184 0.01932367 0.00966184 0.69082126 0.03381643 0.0531401
  0.00966184 0.10144928 0.03864734 0.03381643]
 [0.00921659 0.00921659 0.01843318 0.01382488 0.78801843 0.01382488
  0.02304147 0.04608295 0.02764977 0.05069124]
 [0.06703911 0.01675978 0.02234637 0.05027933 0.09497207 0.54189944
  0.01675978 0.08379888 0.05586592 0.05027933]
 [0.02247191 0.02808989 0.05617978 0.00561798 0.02808989 0.02247191
  0.76966292 0.03370787 0.02247191 0.01123596]
 [0.         0.05365854 0.0195122  0.0097561  0.02926829 0.01463415
  0.01463415 0.75609756 0.05365854 0.04878049]
 [0.04166667 0.03125    0.015625   0.05729167 0.0625     0.0625
  0.015625   0.05208333 0.63020833 0.03125   ]
 [0.00515464 0.00515464 0.00515464 0.03608247 0.22164948 0.02061856
  0.00515464 0.13402062 0.0257732  0.54123711]]

    score:0.6875
    sparsity:1.0000
    train_time:7.2331
    test_time:0.0331
Session is closed.
MNIST classification starts: 497.4033
best model trained: 13.3264
test done: 0.0603
Normalized confusion matrix
[[0.87240356 0.         0.00890208 0.01186944 0.         0.0148368
  0.04451039 0.01186944 0.03264095 0.00296736]
 [0.         0.95192308 0.         0.00480769 0.00480769 0.01923077
  0.00721154 0.00240385 0.00961538 0.        ]
 [0.01570681 0.0104712  0.69895288 0.02879581 0.01308901 0.01570681
  0.04450262 0.04712042 0.11780105 0.0078534 ]
 [0.00530504 0.01061008 0.03448276 0.75331565 0.00795756 0.1061008
  0.0132626  0.0530504  0.01591512 0.        ]
 [0.00511509 0.00511509 0.0230179  0.01534527 0.83887468 0.01278772
  0.01790281 0.01790281 0.00767263 0.05626598]
 [0.02373887 0.02077151 0.02373887 0.12759644 0.03857567 0.53412463
  0.03264095 0.07121662 0.08902077 0.03857567]
 [0.06666667 0.0173913  0.08115942 0.02028986 0.03768116 0.03478261
  0.68985507 0.02028986 0.03188406 0.        ]
 [0.01038961 0.03376623 0.04675325 0.02077922 0.04675325 0.01818182
  0.00779221 0.77402597 0.0025974  0.03896104]
 [0.02       0.04285714 0.01714286 0.08285714 0.02285714 0.08
  0.02571429 0.05428571 0.63428571 0.02      ]
 [0.00578035 0.01445087 0.00578035 0.02023121 0.1416185  0.03179191
  0.00578035 0.08092486 0.01445087 0.67919075]]

    score:0.7480
    sparsity:1.0000
    train_time:13.3264
    test_time:0.0603
Session is closed.
MNIST classification starts: 511.7255
best model trained: 20.1030
test done: 0.1113
Normalized confusion matrix
[[0.90120968 0.         0.0141129  0.01612903 0.00201613 0.03427419
  0.02217742 0.00403226 0.00604839 0.        ]
 [0.         0.96065574 0.00491803 0.00983607 0.         0.00491803
  0.00491803 0.00163934 0.01311475 0.        ]
 [0.01610018 0.03041145 0.67799642 0.09660107 0.01431127 0.01431127
  0.05545617 0.03398927 0.05187835 0.00894454]
 [0.01500938 0.00750469 0.02814259 0.7467167  0.00562852 0.09193246
  0.01500938 0.03939962 0.02439024 0.02626642]
 [0.00373134 0.0130597  0.01679104 0.00746269 0.81156716 0.01119403
  0.0391791  0.0130597  0.00373134 0.08022388]
 [0.02074689 0.01037344 0.01659751 0.08713693 0.02282158 0.7033195
  0.0373444  0.02489627 0.04564315 0.03112033]
 [0.01616162 0.01212121 0.02424242 0.01010101 0.04242424 0.05252525
  0.81818182 0.01818182 0.0040404  0.0020202 ]
 [0.00915751 0.03479853 0.02747253 0.02380952 0.02197802 0.00549451
  0.00549451 0.77106227 0.01282051 0.08791209]
 [0.02115385 0.02307692 0.02115385 0.11923077 0.01923077 0.06346154
  0.01346154 0.02307692 0.65192308 0.04423077]
 [0.00899281 0.01438849 0.01079137 0.02877698 0.0881295  0.01079137
  0.00539568 0.04316547 0.00719424 0.7823741 ]]

    score:0.7845
    sparsity:1.0000
    train_time:20.1030
    test_time:0.1113
Session is closed.
MNIST classification starts: 532.8857
best model trained: 26.6392
test done: 0.1445
Normalized confusion matrix
[[0.88541667 0.         0.00446429 0.01041667 0.00446429 0.02380952
  0.02529762 0.00892857 0.02678571 0.01041667]
 [0.         0.97232704 0.00251572 0.00377358 0.         0.00377358
  0.00377358 0.         0.01257862 0.00125786]
 [0.01234568 0.01508916 0.75994513 0.07133059 0.00823045 0.00548697
  0.05624143 0.0260631  0.04115226 0.00411523]
 [0.0014245  0.00712251 0.01994302 0.86324786 0.00569801 0.03418803
  0.00712251 0.02279202 0.02136752 0.01709402]
 [0.00571429 0.00571429 0.01285714 0.00857143 0.85571429 0.00428571
  0.01571429 0.01428571 0.01       0.06714286]
 [0.01895735 0.01105845 0.01105845 0.09952607 0.03949447 0.66508689
  0.02843602 0.01895735 0.04897314 0.05845182]
 [0.0304878  0.00914634 0.04115854 0.01676829 0.02439024 0.04573171
  0.80792683 0.01371951 0.01067073 0.        ]
 [0.00842697 0.02106742 0.02808989 0.03511236 0.03370787 0.00561798
  0.00702247 0.75280899 0.00280899 0.10533708]
 [0.02639296 0.03079179 0.00879765 0.06744868 0.02052786 0.03958944
  0.01319648 0.01319648 0.74633431 0.03372434]
 [0.01947149 0.00973574 0.00417246 0.02086231 0.06815021 0.0069541
  0.00556328 0.03198887 0.01251739 0.82058414]]

    score:0.8161
    sparsity:1.0000
    train_time:26.6392
    test_time:0.1445
Session is closed.
MNIST classification starts: 560.8038
best model trained: 34.3501
test done: 0.1853
Normalized confusion matrix
[[0.92180095 0.         0.01184834 0.0035545  0.00236967 0.01895735
  0.02606635 0.00592417 0.007109   0.00236967]
 [0.         0.96738022 0.00203874 0.00815494 0.00203874 0.00101937
  0.0030581  0.         0.01630989 0.        ]
 [0.01442841 0.01886792 0.83462819 0.01886792 0.01886792 0.00776915
  0.02330744 0.02885683 0.03329634 0.00110988]
 [0.00229358 0.01834862 0.0309633  0.81307339 0.00344037 0.06651376
  0.01146789 0.0206422  0.02293578 0.0103211 ]
 [0.00233372 0.00466744 0.01400233 0.00233372 0.89264877 0.00233372
  0.01633606 0.00700117 0.00466744 0.05367561]
 [0.01156812 0.00899743 0.01028278 0.02570694 0.03856041 0.79691517
  0.02699229 0.02056555 0.04498715 0.01542416]
 [0.00972053 0.0109356  0.018226   0.0036452  0.0255164  0.02430134
  0.89793439 0.00486027 0.00486027 0.        ]
 [0.00794552 0.0261067  0.02383655 0.01589103 0.02497162 0.00794552
  0.00340522 0.82179342 0.00681044 0.06129398]
 [0.01180638 0.02951594 0.01534829 0.03423849 0.03187721 0.04604486
  0.01180638 0.02715466 0.77213695 0.02007084]
 [0.01473923 0.01133787 0.00340136 0.01814059 0.08730159 0.01247166
  0.00907029 0.03854875 0.00566893 0.79931973]]

    score:0.8533
    sparsity:1.0000
    train_time:34.3501
    test_time:0.1853
Session is closed.
MNIST classification starts: 596.2926
best model trained: 41.0049
test done: 0.2203
Normalized confusion matrix
[[9.25510204e-01 0.00000000e+00 1.32653061e-02 1.22448980e-02
  1.02040816e-03 2.34693878e-02 1.32653061e-02 4.08163265e-03
  5.10204082e-03 2.04081633e-03]
 [0.00000000e+00 9.63876652e-01 6.16740088e-03 2.64317181e-03
  8.81057269e-04 3.52422907e-03 3.52422907e-03 1.76211454e-03
  1.76211454e-02 0.00000000e+00]
 [1.84108527e-02 1.06589147e-02 7.85852713e-01 3.58527132e-02
  2.03488372e-02 7.75193798e-03 3.29457364e-02 3.97286822e-02
  4.74806202e-02 9.68992248e-04]
 [6.93069307e-03 5.94059406e-03 3.16831683e-02 8.20792079e-01
  3.96039604e-03 4.55445545e-02 8.91089109e-03 3.06930693e-02
  3.16831683e-02 1.38613861e-02]
 [2.03665988e-03 4.07331976e-03 1.62932790e-02 2.03665988e-03
  8.89002037e-01 1.01832994e-02 1.52749491e-02 1.12016293e-02
  7.12830957e-03 4.27698574e-02]
 [1.56950673e-02 4.48430493e-03 2.13004484e-02 3.81165919e-02
  1.79372197e-02 8.11659193e-01 2.13004484e-02 3.02690583e-02
  3.25112108e-02 6.72645740e-03]
 [2.08768267e-02 6.26304802e-03 2.92275574e-02 5.21920668e-03
  1.77453027e-02 2.29645094e-02 8.64300626e-01 2.08768267e-02
  1.14822547e-02 1.04384134e-03]
 [3.89105058e-03 1.36186770e-02 2.33463035e-02 1.26459144e-02
  1.16731518e-02 3.89105058e-03 7.78210117e-03 8.87159533e-01
  3.89105058e-03 3.21011673e-02]
 [1.95071869e-02 1.12936345e-02 1.64271047e-02 3.18275154e-02
  1.64271047e-02 4.31211499e-02 1.43737166e-02 3.18275154e-02
  7.97741273e-01 1.74537988e-02]
 [4.95540139e-03 7.92864222e-03 1.09018831e-02 9.91080278e-03
  8.02775025e-02 1.48662042e-02 3.96432111e-03 6.93756194e-02
  1.38751239e-02 7.83944500e-01]]

    score:0.8546
    sparsity:1.0000
    train_time:41.0049
    test_time:0.2203
Session is closed.
MNIST classification starts: 638.4826
best model trained: 48.5670
test done: 0.2421
Normalized confusion matrix
[[9.43877551e-01 1.02040816e-03 1.22448980e-02 2.04081633e-03
  1.02040816e-03 1.22448980e-02 1.53061224e-02 8.16326531e-03
  4.08163265e-03 0.00000000e+00]
 [0.00000000e+00 9.60352423e-01 4.40528634e-03 7.04845815e-03
  1.76211454e-03 3.52422907e-03 3.52422907e-03 8.81057269e-04
  1.85022026e-02 0.00000000e+00]
 [1.35658915e-02 3.87596899e-03 8.49806202e-01 3.19767442e-02
  1.06589147e-02 5.81395349e-03 1.55038760e-02 2.71317829e-02
  3.87596899e-02 2.90697674e-03]
 [7.92079208e-03 1.98019802e-03 2.67326733e-02 8.80198020e-01
  9.90099010e-04 2.37623762e-02 1.98019802e-03 2.57425743e-02
  2.17821782e-02 8.91089109e-03]
 [5.09164969e-03 5.09164969e-03 9.16496945e-03 6.10997963e-03
  8.81873727e-01 5.09164969e-03 1.42566191e-02 1.12016293e-02
  9.16496945e-03 5.29531568e-02]
 [1.45739910e-02 1.68161435e-02 1.34529148e-02 6.61434978e-02
  2.01793722e-02 7.53363229e-01 2.01793722e-02 3.02690583e-02
  4.82062780e-02 1.68161435e-02]
 [1.98329854e-02 9.39457203e-03 3.65344468e-02 7.30688935e-03
  1.46137787e-02 2.60960334e-02 8.65344468e-01 1.04384134e-02
  1.04384134e-02 0.00000000e+00]
 [1.94552529e-03 1.55642023e-02 1.75097276e-02 1.36186770e-02
  1.07003891e-02 3.89105058e-03 4.86381323e-03 8.85214008e-01
  7.78210117e-03 3.89105058e-02]
 [1.02669405e-02 1.74537988e-02 1.64271047e-02 4.72279261e-02
  1.54004107e-02 4.20944559e-02 6.16016427e-03 3.08008214e-02
  7.92607803e-01 2.15605749e-02]
 [1.18929633e-02 7.92864222e-03 8.91972250e-03 1.78394450e-02
  4.85629336e-02 4.95540139e-03 1.98216056e-03 5.74826561e-02
  1.18929633e-02 8.28543112e-01]]

    score:0.8666
    sparsity:1.0000
    train_time:48.5670
    test_time:0.2421
Session is closed.
MNIST classification starts: 688.2652
best model trained: 56.1624
test done: 0.2574
Normalized confusion matrix
[[9.54081633e-01 0.00000000e+00 2.04081633e-03 3.06122449e-03
  1.02040816e-03 1.32653061e-02 1.42857143e-02 4.08163265e-03
  8.16326531e-03 0.00000000e+00]
 [0.00000000e+00 9.68281938e-01 3.52422907e-03 2.64317181e-03
  8.81057269e-04 8.81057269e-04 5.28634361e-03 0.00000000e+00
  1.85022026e-02 0.00000000e+00]
 [1.35658915e-02 6.78294574e-03 8.29457364e-01 3.68217054e-02
  2.03488372e-02 4.84496124e-03 1.55038760e-02 2.13178295e-02
  4.45736434e-02 6.78294574e-03]
 [3.96039604e-03 5.94059406e-03 3.26732673e-02 8.50495050e-01
  1.98019802e-03 3.66336634e-02 9.90099010e-04 2.17821782e-02
  3.46534653e-02 1.08910891e-02]
 [3.05498982e-03 1.01832994e-02 1.12016293e-02 3.05498982e-03
  8.96130346e-01 2.03665988e-03 2.13849287e-02 9.16496945e-03
  7.12830957e-03 3.66598778e-02]
 [7.84753363e-03 3.36322870e-03 1.34529148e-02 6.39013453e-02
  3.13901345e-02 7.82511211e-01 2.13004484e-02 1.56950673e-02
  4.82062780e-02 1.23318386e-02]
 [1.25260960e-02 8.35073069e-03 2.92275574e-02 9.39457203e-03
  2.08768267e-02 2.40083507e-02 8.69519833e-01 1.14822547e-02
  1.04384134e-02 4.17536534e-03]
 [1.94552529e-03 2.14007782e-02 3.59922179e-02 7.78210117e-03
  1.84824903e-02 2.91828794e-03 9.72762646e-03 8.53112840e-01
  3.89105058e-03 4.47470817e-02]
 [1.33470226e-02 2.15605749e-02 1.74537988e-02 4.62012320e-02
  1.33470226e-02 2.25872690e-02 1.12936345e-02 1.02669405e-02
  8.28542094e-01 1.54004107e-02]
 [1.48662042e-02 9.91080278e-03 6.93756194e-03 1.68483647e-02
  5.45094153e-02 4.95540139e-03 3.96432111e-03 4.85629336e-02
  9.91080278e-03 8.29534192e-01]]

    score:0.8681
    sparsity:1.0000
    train_time:56.1624
    test_time:0.2574
Session is closed.
MNIST classification starts: 745.8820
best model trained: 63.7291
test done: 0.2751
Normalized confusion matrix
[[9.36734694e-01 0.00000000e+00 1.02040816e-02 9.18367347e-03
  1.02040816e-03 1.42857143e-02 2.04081633e-02 1.02040816e-03
  5.10204082e-03 2.04081633e-03]
 [0.00000000e+00 9.72687225e-01 5.28634361e-03 2.64317181e-03
  8.81057269e-04 7.04845815e-03 2.64317181e-03 0.00000000e+00
  8.81057269e-03 0.00000000e+00]
 [1.35658915e-02 8.72093023e-03 8.30426357e-01 3.29457364e-02
  1.55038760e-02 9.68992248e-03 2.61627907e-02 2.42248062e-02
  3.58527132e-02 2.90697674e-03]
 [4.95049505e-03 7.92079208e-03 2.67326733e-02 8.71287129e-01
  9.90099010e-04 3.76237624e-02 4.95049505e-03 1.78217822e-02
  1.78217822e-02 9.90099010e-03]
 [2.03665988e-03 8.14663951e-03 1.12016293e-02 9.16496945e-03
  8.96130346e-01 1.01832994e-03 1.32382892e-02 6.10997963e-03
  9.16496945e-03 4.37881874e-02]
 [8.96860987e-03 7.84753363e-03 5.60538117e-03 4.93273543e-02
  1.79372197e-02 8.29596413e-01 2.13004484e-02 1.12107623e-02
  3.25112108e-02 1.56950673e-02]
 [1.25260960e-02 6.26304802e-03 1.67014614e-02 6.26304802e-03
  1.77453027e-02 2.29645094e-02 9.06054280e-01 9.39457203e-03
  1.04384134e-03 1.04384134e-03]
 [3.89105058e-03 2.14007782e-02 2.04280156e-02 1.55642023e-02
  2.23735409e-02 2.91828794e-03 5.83657588e-03 8.51167315e-01
  7.78210117e-03 4.86381323e-02]
 [7.18685832e-03 2.25872690e-02 1.95071869e-02 3.28542094e-02
  1.64271047e-02 5.74948665e-02 1.12936345e-02 1.43737166e-02
  8.00821355e-01 1.74537988e-02]
 [1.48662042e-02 8.91972250e-03 3.96432111e-03 1.09018831e-02
  4.45986125e-02 1.38751239e-02 4.95540139e-03 3.17145689e-02
  9.91080278e-03 8.56293360e-01]]

    score:0.8766
    sparsity:1.0000
    train_time:63.7291
    test_time:0.2751
Session is closed.
MNIST classification starts: 810.8643
best model trained: 71.1617
test done: 0.2947
Normalized confusion matrix
[[0.94081633 0.         0.00612245 0.00918367 0.         0.01428571
  0.01632653 0.00204082 0.01020408 0.00102041]
 [0.         0.96740088 0.00176211 0.00440529 0.         0.
  0.00352423 0.         0.02290749 0.        ]
 [0.0125969  0.00775194 0.84205426 0.03100775 0.01356589 0.00096899
  0.02325581 0.01744186 0.04069767 0.01065891]
 [0.0029703  0.0019802  0.02277228 0.88910891 0.0009901  0.02475248
  0.00792079 0.01683168 0.01881188 0.01386139]
 [0.00101833 0.00610998 0.01221996 0.00509165 0.88492872 0.00712831
  0.01425662 0.00814664 0.00814664 0.05295316]
 [0.00560538 0.00336323 0.00896861 0.07511211 0.02578475 0.77690583
  0.02130045 0.01793722 0.04372197 0.02130045]
 [0.01148225 0.00835073 0.01878914 0.00313152 0.01356994 0.02505219
  0.90187891 0.00417537 0.00939457 0.00417537]
 [0.00194553 0.01653696 0.0311284  0.01264591 0.00972763 0.00194553
  0.00583658 0.84824903 0.00875486 0.06322957]
 [0.00821355 0.01540041 0.01129363 0.05030801 0.01540041 0.02977413
  0.00718686 0.0164271  0.82135524 0.02464066]
 [0.00891972 0.00693756 0.00693756 0.01684836 0.04856293 0.00594648
  0.00297324 0.02576809 0.00792864 0.8691774 ]]

    score:0.8762
    sparsity:1.0000
    train_time:71.1617
    test_time:0.2947
Session is closed.
MNIST classification starts: 883.3237
best model trained: 78.4174
test done: 0.2840
Normalized confusion matrix
[[9.42857143e-01 0.00000000e+00 3.06122449e-03 3.06122449e-03
  6.12244898e-03 1.83673469e-02 1.63265306e-02 2.04081633e-03
  7.14285714e-03 1.02040816e-03]
 [0.00000000e+00 9.71806167e-01 3.52422907e-03 3.52422907e-03
  8.81057269e-04 0.00000000e+00 2.64317181e-03 1.76211454e-03
  1.58590308e-02 0.00000000e+00]
 [1.45348837e-02 6.78294574e-03 8.19767442e-01 3.39147287e-02
  1.84108527e-02 2.90697674e-03 2.03488372e-02 1.84108527e-02
  5.91085271e-02 5.81395349e-03]
 [3.96039604e-03 5.94059406e-03 3.26732673e-02 8.53465347e-01
  4.95049505e-03 2.87128713e-02 6.93069307e-03 2.27722772e-02
  3.16831683e-02 8.91089109e-03]
 [0.00000000e+00 7.12830957e-03 8.14663951e-03 3.05498982e-03
  8.97148676e-01 4.07331976e-03 1.83299389e-02 8.14663951e-03
  1.01832994e-02 4.37881874e-02]
 [1.34529148e-02 1.00896861e-02 1.12107623e-02 2.91479821e-02
  2.91479821e-02 8.04932735e-01 2.35426009e-02 1.00896861e-02
  5.38116592e-02 1.45739910e-02]
 [1.67014614e-02 7.30688935e-03 2.60960334e-02 3.13152401e-03
  1.87891441e-02 1.98329854e-02 8.87265136e-01 9.39457203e-03
  1.04384134e-02 1.04384134e-03]
 [2.91828794e-03 2.52918288e-02 2.91828794e-02 6.80933852e-03
  1.65369650e-02 8.75486381e-03 3.89105058e-03 8.47276265e-01
  6.80933852e-03 5.25291829e-02]
 [1.12936345e-02 8.21355236e-03 1.43737166e-02 2.66940452e-02
  1.33470226e-02 2.97741273e-02 8.21355236e-03 1.02669405e-02
  8.61396304e-01 1.64271047e-02]
 [9.91080278e-03 6.93756194e-03 5.94648167e-03 1.48662042e-02
  4.95540139e-02 1.09018831e-02 4.95540139e-03 3.56788900e-02
  1.09018831e-02 8.50346878e-01]]

    score:0.8752
    sparsity:1.0000
    train_time:78.4174
    test_time:0.2840
Session is closed.
