nyx7010
2018-07-15 14:13:06.313074: W tensorflow/core/platform/cpu_feature_guard.cc:45] The TensorFlow library wasn't compiled to use SSE4.1 instructions, but these are available on your machine and could speed up CPU computations.
2018-07-15 14:13:06.313192: W tensorflow/core/platform/cpu_feature_guard.cc:45] The TensorFlow library wasn't compiled to use SSE4.2 instructions, but these are available on your machine and could speed up CPU computations.
2018-07-15 14:13:06.313209: W tensorflow/core/platform/cpu_feature_guard.cc:45] The TensorFlow library wasn't compiled to use AVX instructions, but these are available on your machine and could speed up CPU computations.
2018-07-15 14:13:06.313220: W tensorflow/core/platform/cpu_feature_guard.cc:45] The TensorFlow library wasn't compiled to use AVX2 instructions, but these are available on your machine and could speed up CPU computations.
2018-07-15 14:13:06.313230: W tensorflow/core/platform/cpu_feature_guard.cc:45] The TensorFlow library wasn't compiled to use FMA instructions, but these are available on your machine and could speed up CPU computations.
MNIST classification starts: 3.7074
best model trained: 10.5615
test done: 0.0144
Normalized confusion matrix
[[0.68965517 0.         0.         0.03448276 0.         0.03448276
  0.13793103 0.10344828 0.         0.        ]
 [0.         0.89130435 0.         0.         0.04347826 0.02173913
  0.         0.04347826 0.         0.        ]
 [0.02631579 0.10526316 0.34210526 0.26315789 0.         0.02631579
  0.13157895 0.05263158 0.02631579 0.02631579]
 [0.         0.21428571 0.         0.39285714 0.         0.21428571
  0.03571429 0.10714286 0.03571429 0.        ]
 [0.04878049 0.07317073 0.         0.02439024 0.58536585 0.04878049
  0.         0.07317073 0.07317073 0.07317073]
 [0.12903226 0.09677419 0.         0.12903226 0.16129032 0.12903226
  0.06451613 0.16129032 0.12903226 0.        ]
 [0.12       0.08       0.04       0.04       0.12       0.08
  0.4        0.04       0.08       0.        ]
 [0.05405405 0.10810811 0.05405405 0.         0.08108108 0.02702703
  0.         0.62162162 0.         0.05405405]
 [0.04761905 0.14285714 0.         0.04761905 0.38095238 0.
  0.0952381  0.         0.28571429 0.        ]
 [0.         0.08108108 0.         0.02702703 0.43243243 0.
  0.02702703 0.18918919 0.02702703 0.21621622]]

    score:0.4805
    sparsity:0.4860
    train_time:10.5615
    test_time:0.0144
Session is closed.
MNIST classification starts: 15.5132
best model trained: 7.2658
test done: 0.0414
Normalized confusion matrix
[[0.8        0.00571429 0.01142857 0.01714286 0.         0.00571429
  0.10285714 0.01142857 0.04       0.00571429]
 [0.         0.95726496 0.0042735  0.00854701 0.0042735  0.01282051
  0.00854701 0.         0.0042735  0.        ]
 [0.02283105 0.05479452 0.62557078 0.06849315 0.02739726 0.00456621
  0.10045662 0.03652968 0.03652968 0.02283105]
 [0.         0.03381643 0.03381643 0.79227053 0.00483092 0.03381643
  0.01449275 0.04347826 0.01932367 0.02415459]
 [0.         0.02304147 0.02764977 0.00460829 0.70046083 0.00921659
  0.04147465 0.00921659 0.00460829 0.1797235 ]
 [0.06145251 0.04469274 0.01117318 0.10614525 0.05586592 0.39664804
  0.08379888 0.05027933 0.12290503 0.06703911]
 [0.04494382 0.02808989 0.06741573 0.01123596 0.03370787 0.02247191
  0.73033708 0.05617978 0.00561798 0.        ]
 [0.00487805 0.07317073 0.04390244 0.01463415 0.06341463 0.0097561
  0.0195122  0.69756098 0.0195122  0.05365854]
 [0.03125    0.0625     0.01041667 0.09895833 0.05729167 0.03645833
  0.05208333 0.02083333 0.54166667 0.08854167]
 [0.00515464 0.01030928 0.00515464 0.01546392 0.13917526 0.
  0.00515464 0.06701031 0.0257732  0.72680412]]

    score:0.7030
    sparsity:0.4936
    train_time:7.2658
    test_time:0.0414
Session is closed.
MNIST classification starts: 23.6703
best model trained: 13.4889
test done: 0.0765
Normalized confusion matrix
[[0.87240356 0.         0.02077151 0.         0.02077151 0.01186944
  0.02967359 0.00593472 0.00890208 0.02967359]
 [0.         0.93509615 0.00721154 0.00480769 0.00240385 0.02884615
  0.01442308 0.         0.00721154 0.        ]
 [0.03664921 0.04450262 0.69109948 0.05497382 0.0104712  0.0078534
  0.05235602 0.05497382 0.03664921 0.0104712 ]
 [0.00265252 0.0132626  0.04509284 0.73740053 0.01061008 0.06366048
  0.0265252  0.05039788 0.01591512 0.03448276]
 [0.01023018 0.01534527 0.02046036 0.01534527 0.60869565 0.00767263
  0.01790281 0.02046036 0.02046036 0.26342711]
 [0.04451039 0.00593472 0.02373887 0.08902077 0.03264095 0.60534125
  0.02373887 0.03560831 0.05341246 0.08605341]
 [0.02318841 0.02898551 0.05507246 0.00289855 0.02028986 0.02898551
  0.79130435 0.0115942  0.02318841 0.01449275]
 [0.00519481 0.03896104 0.01818182 0.03376623 0.02077922 0.0025974
  0.00519481 0.77402597 0.01298701 0.08831169]
 [0.01142857 0.05428571 0.03428571 0.1        0.02285714 0.05142857
  0.02285714 0.02       0.56285714 0.12      ]
 [0.01156069 0.02312139 0.00867052 0.01445087 0.02312139 0.00867052
  0.00289017 0.06647399 0.00867052 0.83236994]]

    score:0.7428
    sparsity:0.5068
    train_time:13.4889
    test_time:0.0765
Session is closed.
MNIST classification starts: 38.1323
best model trained: 20.2752
test done: 0.1207
Normalized confusion matrix
[[0.88306452 0.00201613 0.01008065 0.00604839 0.00806452 0.02419355
  0.02217742 0.0141129  0.02217742 0.00806452]
 [0.         0.97377049 0.00327869 0.00327869 0.00163934 0.00163934
  0.00819672 0.00163934 0.00655738 0.        ]
 [0.02504472 0.04651163 0.70483005 0.03041145 0.03220036 0.02504472
  0.03220036 0.05187835 0.04472272 0.00715564]
 [0.00562852 0.02439024 0.02439024 0.80487805 0.00562852 0.03939962
  0.01688555 0.04315197 0.01876173 0.01688555]
 [0.01119403 0.0130597  0.01492537 0.00373134 0.80037313 0.00746269
  0.01679104 0.02052239 0.01119403 0.10074627]
 [0.03941909 0.01244813 0.01244813 0.07053942 0.02489627 0.71369295
  0.02489627 0.02697095 0.02697095 0.04771784]
 [0.04040404 0.02828283 0.03232323 0.0020202  0.05454545 0.04242424
  0.77979798 0.0020202  0.01616162 0.0020202 ]
 [0.00549451 0.05860806 0.04395604 0.01465201 0.00915751 0.
  0.00732601 0.81501832 0.         0.04578755]
 [0.03076923 0.03846154 0.02307692 0.06730769 0.03269231 0.04615385
  0.01923077 0.04038462 0.65192308 0.05      ]
 [0.00899281 0.01798561 0.01079137 0.01079137 0.10971223 0.01798561
  0.00359712 0.08273381 0.01438849 0.72302158]]

    score:0.7875
    sparsity:0.5008
    train_time:20.2752
    test_time:0.1207
Session is closed.
MNIST classification starts: 59.4437
best model trained: 26.8784
test done: 0.1414
Normalized confusion matrix
[[0.89880952 0.         0.01041667 0.00744048 0.00446429 0.01488095
  0.0297619  0.00297619 0.02083333 0.01041667]
 [0.         0.96352201 0.00251572 0.01006289 0.00251572 0.00125786
  0.00628931 0.         0.00754717 0.00628931]
 [0.01371742 0.01783265 0.75857339 0.06584362 0.00548697 0.00548697
  0.04801097 0.01783265 0.06584362 0.00137174]
 [0.0042735  0.00997151 0.01709402 0.84045584 0.002849   0.03133903
  0.00854701 0.02421652 0.04558405 0.01566952]
 [0.00285714 0.01428571 0.01571429 0.00714286 0.82857143 0.
  0.03142857 0.00714286 0.01285714 0.08      ]
 [0.0221169  0.00631912 0.02685624 0.11848341 0.02053712 0.671406
  0.02053712 0.03159558 0.0521327  0.0300158 ]
 [0.01676829 0.01067073 0.04115854 0.00762195 0.01981707 0.02134146
  0.86737805 0.00304878 0.01219512 0.        ]
 [0.00842697 0.04634831 0.02247191 0.01825843 0.01825843 0.00561798
  0.00140449 0.76264045 0.01404494 0.10252809]
 [0.01319648 0.01906158 0.01173021 0.05131965 0.02199413 0.02639296
  0.00879765 0.02785924 0.79032258 0.02932551]
 [0.01529903 0.01668985 0.01390821 0.02364395 0.054242   0.01251739
  0.00278164 0.02642559 0.01390821 0.82058414]]

    score:0.8227
    sparsity:0.4963
    train_time:26.8784
    test_time:0.1414
Session is closed.
MNIST classification starts: 87.5801
best model trained: 34.5219
test done: 0.2077
Normalized confusion matrix
[[0.9063981  0.         0.00592417 0.00947867 0.0035545  0.02725118
  0.03199052 0.0035545  0.01066351 0.00118483]
 [0.         0.95514781 0.0030581  0.00509684 0.00101937 0.00509684
  0.00713558 0.0030581  0.02038736 0.        ]
 [0.00887902 0.01664817 0.80022198 0.04661487 0.00776915 0.00887902
  0.02441731 0.0299667  0.05327414 0.00332963]
 [0.00344037 0.01949541 0.02178899 0.80963303 0.00458716 0.04587156
  0.00573394 0.03784404 0.04701835 0.00458716]
 [0.00233372 0.01050175 0.01166861 0.00816803 0.84714119 0.00116686
  0.03850642 0.01400233 0.01400233 0.05250875]
 [0.00642674 0.01413882 0.01028278 0.09511568 0.02442159 0.73650386
  0.03727506 0.02442159 0.03341902 0.01799486]
 [0.00972053 0.01215067 0.01579587 0.00121507 0.0109356  0.02308627
  0.91251519 0.00607533 0.00607533 0.00243013]
 [0.00227015 0.02383655 0.00908059 0.01362089 0.01702611 0.00227015
  0.00227015 0.87287174 0.01362089 0.0431328 ]
 [0.0188902  0.02479339 0.01416765 0.07438017 0.01534829 0.02715466
  0.00826446 0.03069658 0.75914994 0.02715466]
 [0.01020408 0.01473923 0.01247166 0.0170068  0.05555556 0.01473923
  0.00226757 0.06802721 0.01360544 0.79138322]]

    score:0.8411
    sparsity:0.4995
    train_time:34.5219
    test_time:0.2077
Session is closed.
MNIST classification starts: 123.2492
best model trained: 40.9171
test done: 0.2540
Normalized confusion matrix
[[9.58163265e-01 0.00000000e+00 4.08163265e-03 6.12244898e-03
  0.00000000e+00 1.02040816e-02 1.53061224e-02 3.06122449e-03
  2.04081633e-03 1.02040816e-03]
 [0.00000000e+00 9.71806167e-01 6.16740088e-03 3.52422907e-03
  0.00000000e+00 8.81057269e-04 6.16740088e-03 0.00000000e+00
  1.14537445e-02 0.00000000e+00]
 [1.55038760e-02 7.75193798e-03 8.22674419e-01 3.77906977e-02
  1.93798450e-02 3.87596899e-03 2.90697674e-02 2.03488372e-02
  4.06976744e-02 2.90697674e-03]
 [8.91089109e-03 6.93069307e-03 2.97029703e-02 8.82178218e-01
  1.98019802e-03 2.17821782e-02 4.95049505e-03 1.58415842e-02
  1.88118812e-02 8.91089109e-03]
 [2.03665988e-03 7.12830957e-03 1.32382892e-02 3.05498982e-03
  9.03258656e-01 3.05498982e-03 1.73116090e-02 6.10997963e-03
  5.09164969e-03 3.97148676e-02]
 [1.56950673e-02 5.60538117e-03 1.12107623e-02 9.19282511e-02
  2.57847534e-02 7.67937220e-01 2.57847534e-02 6.72645740e-03
  3.13901345e-02 1.79372197e-02]
 [1.56576200e-02 8.35073069e-03 1.35699374e-02 4.17536534e-03
  1.04384134e-02 2.19206681e-02 9.16492693e-01 6.26304802e-03
  3.13152401e-03 0.00000000e+00]
 [3.89105058e-03 2.72373541e-02 2.33463035e-02 1.36186770e-02
  1.84824903e-02 3.89105058e-03 3.89105058e-03 8.39494163e-01
  8.75486381e-03 5.73929961e-02]
 [1.33470226e-02 2.36139630e-02 2.05338809e-02 7.39219713e-02
  1.74537988e-02 4.20944559e-02 1.64271047e-02 9.24024641e-03
  7.62833676e-01 2.05338809e-02]
 [1.58572844e-02 8.91972250e-03 8.91972250e-03 1.88305253e-02
  4.95540139e-02 3.96432111e-03 9.91080278e-04 4.45986125e-02
  1.09018831e-02 8.37462834e-01]]

    score:0.8683
    sparsity:0.4969
    train_time:40.9171
    test_time:0.2540
Session is closed.
MNIST classification starts: 165.3773
best model trained: 48.9065
test done: 0.2421
Normalized confusion matrix
[[9.51020408e-01 0.00000000e+00 5.10204082e-03 2.04081633e-03
  1.02040816e-03 1.63265306e-02 1.83673469e-02 1.02040816e-03
  5.10204082e-03 0.00000000e+00]
 [0.00000000e+00 9.69162996e-01 2.64317181e-03 5.28634361e-03
  0.00000000e+00 8.81057269e-04 5.28634361e-03 0.00000000e+00
  1.58590308e-02 8.81057269e-04]
 [1.45348837e-02 8.72093023e-03 8.43992248e-01 2.81007752e-02
  1.74418605e-02 2.90697674e-03 2.32558140e-02 1.35658915e-02
  4.36046512e-02 3.87596899e-03]
 [2.97029703e-03 0.00000000e+00 1.48514851e-02 8.58415842e-01
  0.00000000e+00 3.46534653e-02 9.90099010e-03 2.37623762e-02
  3.86138614e-02 1.68316832e-02]
 [2.03665988e-03 5.09164969e-03 1.12016293e-02 0.00000000e+00
  8.70672098e-01 0.00000000e+00 1.73116090e-02 6.10997963e-03
  1.22199593e-02 7.53564155e-02]
 [1.34529148e-02 8.96860987e-03 7.84753363e-03 5.82959641e-02
  2.91479821e-02 7.74663677e-01 2.13004484e-02 2.01793722e-02
  4.26008969e-02 2.35426009e-02]
 [1.67014614e-02 3.13152401e-03 2.40083507e-02 1.04384134e-03
  1.14822547e-02 1.98329854e-02 8.97703549e-01 7.30688935e-03
  1.46137787e-02 4.17536534e-03]
 [3.89105058e-03 3.01556420e-02 2.33463035e-02 6.80933852e-03
  1.16731518e-02 4.86381323e-03 9.72762646e-04 8.50194553e-01
  9.72762646e-03 5.83657588e-02]
 [7.18685832e-03 1.33470226e-02 1.12936345e-02 2.66940452e-02
  1.54004107e-02 3.18275154e-02 7.18685832e-03 1.12936345e-02
  8.55236140e-01 2.05338809e-02]
 [9.91080278e-03 6.93756194e-03 7.92864222e-03 1.68483647e-02
  4.55896928e-02 2.97324083e-03 9.91080278e-04 4.06342914e-02
  1.18929633e-02 8.56293360e-01]]

    score:0.8747
    sparsity:0.5002
    train_time:48.9065
    test_time:0.2421
Session is closed.
MNIST classification starts: 215.4721
best model trained: 56.4306
test done: 0.2692
Normalized confusion matrix
[[9.39795918e-01 0.00000000e+00 5.10204082e-03 6.12244898e-03
  4.08163265e-03 1.83673469e-02 1.53061224e-02 3.06122449e-03
  8.16326531e-03 0.00000000e+00]
 [0.00000000e+00 9.63876652e-01 4.40528634e-03 2.64317181e-03
  0.00000000e+00 8.81057269e-04 2.64317181e-03 8.81057269e-04
  2.46696035e-02 0.00000000e+00]
 [1.16279070e-02 5.81395349e-03 8.21705426e-01 4.16666667e-02
  2.13178295e-02 2.90697674e-03 2.03488372e-02 2.32558140e-02
  5.03875969e-02 9.68992248e-04]
 [2.97029703e-03 3.96039604e-03 2.07920792e-02 8.81188119e-01
  0.00000000e+00 2.87128713e-02 2.97029703e-03 1.28712871e-02
  3.86138614e-02 7.92079208e-03]
 [2.03665988e-03 3.05498982e-03 1.22199593e-02 1.01832994e-03
  8.99185336e-01 5.09164969e-03 1.42566191e-02 1.01832994e-03
  1.32382892e-02 4.88798371e-02]
 [8.96860987e-03 1.12107623e-02 1.00896861e-02 6.05381166e-02
  2.35426009e-02 7.86995516e-01 2.35426009e-02 8.96860987e-03
  5.60538117e-02 1.00896861e-02]
 [1.04384134e-02 5.21920668e-03 1.35699374e-02 8.35073069e-03
  1.98329854e-02 1.56576200e-02 9.17536534e-01 0.00000000e+00
  9.39457203e-03 0.00000000e+00]
 [1.94552529e-03 1.75097276e-02 2.04280156e-02 1.36186770e-02
  9.72762646e-03 5.83657588e-03 3.89105058e-03 8.59922179e-01
  1.45914397e-02 5.25291829e-02]
 [7.18685832e-03 1.64271047e-02 8.21355236e-03 2.46406571e-02
  1.02669405e-02 2.87474333e-02 1.02669405e-02 1.43737166e-02
  8.60369610e-01 1.95071869e-02]
 [1.38751239e-02 8.91972250e-03 7.92864222e-03 1.38751239e-02
  6.73934589e-02 1.09018831e-02 1.98216056e-03 2.27948464e-02
  1.18929633e-02 8.40436075e-01]]

    score:0.8787
    sparsity:0.5030
    train_time:56.4306
    test_time:0.2692
Session is closed.
MNIST classification starts: 273.3520
best model trained: 64.1024
test done: 0.2544
Normalized confusion matrix
[[9.58163265e-01 0.00000000e+00 1.02040816e-03 3.06122449e-03
  2.04081633e-03 1.42857143e-02 1.12244898e-02 1.02040816e-03
  7.14285714e-03 2.04081633e-03]
 [0.00000000e+00 9.65638767e-01 4.40528634e-03 3.52422907e-03
  1.76211454e-03 8.81057269e-04 3.52422907e-03 8.81057269e-04
  1.93832599e-02 0.00000000e+00]
 [1.25968992e-02 5.81395349e-03 8.60465116e-01 2.90697674e-02
  2.32558140e-02 3.87596899e-03 1.55038760e-02 1.74418605e-02
  2.90697674e-02 2.90697674e-03]
 [6.93069307e-03 1.38613861e-02 2.77227723e-02 8.61386139e-01
  9.90099010e-04 3.26732673e-02 4.95049505e-03 1.48514851e-02
  3.06930693e-02 5.94059406e-03]
 [5.09164969e-03 3.05498982e-03 1.01832994e-02 2.03665988e-03
  9.08350305e-01 0.00000000e+00 1.01832994e-02 6.10997963e-03
  1.22199593e-02 4.27698574e-02]
 [1.79372197e-02 1.34529148e-02 3.36322870e-03 6.39013453e-02
  2.57847534e-02 7.76905830e-01 2.01793722e-02 1.23318386e-02
  4.26008969e-02 2.35426009e-02]
 [1.46137787e-02 4.17536534e-03 1.56576200e-02 1.04384134e-03
  1.98329854e-02 1.35699374e-02 9.18580376e-01 2.08768267e-03
  8.35073069e-03 2.08768267e-03]
 [2.91828794e-03 1.84824903e-02 3.79377432e-02 7.78210117e-03
  1.65369650e-02 9.72762646e-04 1.94552529e-03 8.52140078e-01
  2.91828794e-03 5.83657588e-02]
 [1.33470226e-02 1.02669405e-02 1.64271047e-02 2.36139630e-02
  2.05338809e-02 3.90143737e-02 7.18685832e-03 1.64271047e-02
  8.35728953e-01 1.74537988e-02]
 [1.68483647e-02 7.92864222e-03 2.97324083e-03 9.91080278e-03
  6.04558969e-02 7.92864222e-03 9.91080278e-04 3.17145689e-02
  6.93756194e-03 8.54311199e-01]]

    score:0.8810
    sparsity:0.5003
    train_time:64.1024
    test_time:0.2544
Session is closed.
MNIST classification starts: 338.6574
best model trained: 70.8371
test done: 0.2907
Normalized confusion matrix
[[9.48979592e-01 0.00000000e+00 2.04081633e-03 2.04081633e-03
  5.10204082e-03 7.14285714e-03 1.53061224e-02 6.12244898e-03
  1.32653061e-02 0.00000000e+00]
 [0.00000000e+00 9.73568282e-01 4.40528634e-03 5.28634361e-03
  0.00000000e+00 2.64317181e-03 5.28634361e-03 0.00000000e+00
  8.81057269e-03 0.00000000e+00]
 [1.16279070e-02 2.03488372e-02 8.10077519e-01 3.19767442e-02
  1.64728682e-02 3.87596899e-03 2.81007752e-02 2.03488372e-02
  4.65116279e-02 1.06589147e-02]
 [2.97029703e-03 5.94059406e-03 1.58415842e-02 8.80198020e-01
  1.98019802e-03 2.17821782e-02 5.94059406e-03 1.88118812e-02
  2.17821782e-02 2.47524752e-02]
 [3.05498982e-03 9.16496945e-03 5.09164969e-03 4.07331976e-03
  8.92057026e-01 2.03665988e-03 1.83299389e-02 4.07331976e-03
  9.16496945e-03 5.29531568e-02]
 [1.00896861e-02 6.72645740e-03 5.60538117e-03 5.15695067e-02
  1.79372197e-02 8.06053812e-01 2.13004484e-02 1.23318386e-02
  4.48430493e-02 2.35426009e-02]
 [1.14822547e-02 6.26304802e-03 9.39457203e-03 1.04384134e-03
  1.77453027e-02 1.35699374e-02 9.34237996e-01 0.00000000e+00
  6.26304802e-03 0.00000000e+00]
 [1.94552529e-03 2.04280156e-02 2.52918288e-02 1.55642023e-02
  1.36186770e-02 3.89105058e-03 9.72762646e-04 8.49221790e-01
  6.80933852e-03 6.22568093e-02]
 [1.12936345e-02 1.64271047e-02 8.21355236e-03 2.15605749e-02
  1.74537988e-02 2.97741273e-02 9.24024641e-03 1.23203285e-02
  8.53182752e-01 2.05338809e-02]
 [9.91080278e-03 9.91080278e-03 8.91972250e-03 1.38751239e-02
  3.96432111e-02 9.91080278e-03 9.91080278e-04 2.18037661e-02
  7.92864222e-03 8.77106046e-01]]

    score:0.8839
    sparsity:0.4977
    train_time:70.8371
    test_time:0.2907
Session is closed.
MNIST classification starts: 410.7717
best model trained: 78.4844
test done: 0.3017
Normalized confusion matrix
[[9.59183673e-01 0.00000000e+00 6.12244898e-03 3.06122449e-03
  3.06122449e-03 6.12244898e-03 6.12244898e-03 5.10204082e-03
  7.14285714e-03 4.08163265e-03]
 [0.00000000e+00 9.77092511e-01 2.64317181e-03 1.76211454e-03
  0.00000000e+00 8.81057269e-04 4.40528634e-03 8.81057269e-04
  1.23348018e-02 0.00000000e+00]
 [1.55038760e-02 1.55038760e-02 8.60465116e-01 1.84108527e-02
  1.45348837e-02 3.87596899e-03 1.74418605e-02 1.64728682e-02
  3.48837209e-02 2.90697674e-03]
 [4.95049505e-03 3.96039604e-03 2.17821782e-02 8.63366337e-01
  2.97029703e-03 3.36633663e-02 1.98019802e-03 2.17821782e-02
  3.46534653e-02 1.08910891e-02]
 [0.00000000e+00 5.09164969e-03 7.12830957e-03 5.09164969e-03
  9.09368635e-01 1.01832994e-03 1.62932790e-02 3.05498982e-03
  1.83299389e-02 3.46232179e-02]
 [1.56950673e-02 8.96860987e-03 6.72645740e-03 5.04484305e-02
  2.69058296e-02 7.70179372e-01 1.90582960e-02 2.01793722e-02
  6.16591928e-02 2.01793722e-02]
 [1.98329854e-02 5.21920668e-03 1.04384134e-02 0.00000000e+00
  1.56576200e-02 2.19206681e-02 9.10229645e-01 3.13152401e-03
  1.35699374e-02 0.00000000e+00]
 [2.91828794e-03 2.52918288e-02 1.84824903e-02 1.07003891e-02
  1.26459144e-02 1.94552529e-03 1.94552529e-03 8.88132296e-01
  1.94552529e-03 3.59922179e-02]
 [9.24024641e-03 9.24024641e-03 1.23203285e-02 2.15605749e-02
  1.23203285e-02 2.56673511e-02 1.12936345e-02 1.64271047e-02
  8.64476386e-01 1.74537988e-02]
 [1.58572844e-02 6.93756194e-03 7.92864222e-03 9.91080278e-03
  6.34291378e-02 9.91080278e-03 1.98216056e-03 4.16253717e-02
  9.91080278e-03 8.32507433e-01]]

    score:0.8856
    sparsity:0.5007
    train_time:78.4844
    test_time:0.3017
Session is closed.
MNIST classification starts: 490.5424
best model trained: 1.2963
test done: 0.0123
Normalized confusion matrix
[[0.5862069  0.03448276 0.06896552 0.         0.10344828 0.03448276
  0.         0.13793103 0.         0.03448276]
 [0.         1.         0.         0.         0.         0.
  0.         0.         0.         0.        ]
 [0.05263158 0.21052632 0.36842105 0.02631579 0.02631579 0.02631579
  0.21052632 0.05263158 0.02631579 0.        ]
 [0.10714286 0.35714286 0.07142857 0.17857143 0.03571429 0.10714286
  0.07142857 0.         0.07142857 0.        ]
 [0.02439024 0.12195122 0.02439024 0.         0.53658537 0.02439024
  0.04878049 0.02439024 0.02439024 0.17073171]
 [0.12903226 0.25806452 0.09677419 0.09677419 0.09677419 0.12903226
  0.06451613 0.03225806 0.         0.09677419]
 [0.12       0.16       0.12       0.         0.08       0.04
  0.36       0.         0.08       0.04      ]
 [0.         0.10810811 0.         0.10810811 0.24324324 0.
  0.         0.43243243 0.02702703 0.08108108]
 [0.0952381  0.14285714 0.         0.04761905 0.04761905 0.14285714
  0.14285714 0.         0.28571429 0.0952381 ]
 [0.02702703 0.10810811 0.08108108 0.         0.24324324 0.02702703
  0.         0.05405405 0.02702703 0.43243243]]

    score:0.4655
    sparsity:1.0000
    train_time:1.2963
    test_time:0.0123
Session is closed.
MNIST classification starts: 492.8798
best model trained: 7.2676
test done: 0.0331
Normalized confusion matrix
[[0.77142857 0.         0.05714286 0.03428571 0.01142857 0.01714286
  0.02857143 0.03428571 0.01142857 0.03428571]
 [0.         0.94871795 0.         0.         0.0042735  0.0042735
  0.0042735  0.         0.0042735  0.03418803]
 [0.0456621  0.02739726 0.64383562 0.05479452 0.02283105 0.00456621
  0.05936073 0.05022831 0.06849315 0.02283105]
 [0.00966184 0.02415459 0.04830918 0.6763285  0.00966184 0.04830918
  0.04830918 0.0531401  0.04830918 0.03381643]
 [0.         0.02304147 0.06451613 0.00921659 0.58986175 0.01382488
  0.05529954 0.03225806 0.01843318 0.19354839]
 [0.02793296 0.00558659 0.02793296 0.10055866 0.06703911 0.38547486
  0.0726257  0.05586592 0.1396648  0.11731844]
 [0.0505618  0.03370787 0.1011236  0.00561798 0.02247191 0.01123596
  0.73033708 0.01685393 0.01685393 0.01123596]
 [0.         0.07317073 0.06341463 0.02439024 0.01463415 0.00487805
  0.05853659 0.63902439 0.0195122  0.10243902]
 [0.015625   0.05729167 0.05208333 0.109375   0.02604167 0.03125
  0.015625   0.02604167 0.59375    0.07291667]
 [0.01030928 0.00515464 0.01546392 0.04123711 0.09278351 0.
  0.02061856 0.04639175 0.0257732  0.74226804]]

    score:0.6770
    sparsity:1.0000
    train_time:7.2676
    test_time:0.0331
Session is closed.
MNIST classification starts: 501.0333
best model trained: 13.3681
test done: 0.0614
Normalized confusion matrix
[[0.85163205 0.         0.00593472 0.01186944 0.         0.02077151
  0.06824926 0.01780415 0.02373887 0.        ]
 [0.         0.96875    0.00240385 0.00240385 0.         0.
  0.01442308 0.         0.00961538 0.00240385]
 [0.02879581 0.02879581 0.59685864 0.10471204 0.02094241 0.0052356
  0.07853403 0.04973822 0.07853403 0.0078534 ]
 [0.00265252 0.01591512 0.02917772 0.81167109 0.00265252 0.0132626
  0.03713528 0.04509284 0.0265252  0.01591512]
 [0.00767263 0.00255754 0.02557545 0.01790281 0.74424552 0.01278772
  0.02813299 0.01790281 0.01023018 0.13299233]
 [0.02077151 0.00296736 0.01186944 0.20178042 0.02967359 0.50445104
  0.0504451  0.05341246 0.07418398 0.0504451 ]
 [0.04927536 0.02318841 0.0173913  0.00869565 0.05797101 0.02608696
  0.76231884 0.02608696 0.02028986 0.00869565]
 [0.00779221 0.04415584 0.01558442 0.05714286 0.01818182 0.0025974
  0.02597403 0.71168831 0.02077922 0.0961039 ]
 [0.01428571 0.02857143 0.02       0.17428571 0.04       0.02857143
  0.06285714 0.02571429 0.55714286 0.04857143]
 [0.00867052 0.01734104 0.00578035 0.04046243 0.0433526  0.00867052
  0.01156069 0.05491329 0.01156069 0.79768786]]

    score:0.7346
    sparsity:1.0000
    train_time:13.3681
    test_time:0.0614
Session is closed.
MNIST classification starts: 515.3768
best model trained: 20.1611
test done: 0.0984
Normalized confusion matrix
[[0.90725806 0.         0.00806452 0.00403226 0.         0.02016129
  0.03427419 0.00403226 0.0141129  0.00806452]
 [0.         0.95901639 0.         0.0147541  0.00819672 0.
  0.00491803 0.00327869 0.00983607 0.        ]
 [0.01610018 0.02146691 0.74776386 0.05545617 0.01073345 0.00894454
  0.04472272 0.0411449  0.04651163 0.00715564]
 [0.00562852 0.00750469 0.02251407 0.83302064 0.00562852 0.0412758
  0.0206379  0.03001876 0.02251407 0.01125704]
 [0.         0.00932836 0.01119403 0.00746269 0.79477612 0.00559701
  0.04104478 0.01865672 0.00186567 0.11007463]
 [0.0186722  0.00829876 0.01037344 0.15352697 0.02489627 0.60580913
  0.03526971 0.01452282 0.07053942 0.05809129]
 [0.01414141 0.01616162 0.03838384 0.01212121 0.06666667 0.03232323
  0.79191919 0.01414141 0.01414141 0.        ]
 [0.00549451 0.06227106 0.03113553 0.02564103 0.03479853 0.003663
  0.02930403 0.73992674 0.00915751 0.05860806]
 [0.025      0.02307692 0.02692308 0.07692308 0.04807692 0.03653846
  0.02115385 0.025      0.68653846 0.03076923]
 [0.01079137 0.01618705 0.01618705 0.02338129 0.12410072 0.00359712
  0.00539568 0.05755396 0.01258993 0.73021583]]

    score:0.7827
    sparsity:1.0000
    train_time:20.1611
    test_time:0.0984
Session is closed.
MNIST classification starts: 536.5590
best model trained: 26.8684
test done: 0.1578
Normalized confusion matrix
[[0.90029762 0.         0.00595238 0.0014881  0.00297619 0.03720238
  0.02827381 0.01190476 0.00744048 0.00446429]
 [0.         0.96981132 0.00251572 0.00503145 0.00125786 0.00628931
  0.00503145 0.00125786 0.00880503 0.        ]
 [0.00960219 0.02880658 0.77366255 0.02743484 0.01234568 0.01097394
  0.05349794 0.03429355 0.04389575 0.00548697]
 [0.0042735  0.01994302 0.02849003 0.77065527 0.00569801 0.09259259
  0.01566952 0.02564103 0.01994302 0.01709402]
 [0.00571429 0.02142857 0.02285714 0.00285714 0.82285714 0.01
  0.02571429 0.02142857 0.00714286 0.06      ]
 [0.0221169  0.02053712 0.01421801 0.07109005 0.02685624 0.70616114
  0.01737757 0.0300158  0.06319115 0.02843602]
 [0.0304878  0.01371951 0.05030488 0.00914634 0.01981707 0.01981707
  0.8277439  0.00914634 0.01067073 0.00914634]
 [0.00561798 0.04494382 0.02949438 0.01264045 0.00983146 0.00842697
  0.00983146 0.82022472 0.00983146 0.0491573 ]
 [0.02052786 0.03665689 0.01173021 0.0542522  0.02785924 0.05278592
  0.00879765 0.03812317 0.73020528 0.01906158]
 [0.01808067 0.01390821 0.00973574 0.01390821 0.07510431 0.02503477
  0.00556328 0.05980529 0.01808067 0.76077886]]

    score:0.8109
    sparsity:1.0000
    train_time:26.8684
    test_time:0.1578
Session is closed.
MNIST classification starts: 564.7094
best model trained: 34.5628
test done: 0.1838
Normalized confusion matrix
[[0.91824645 0.         0.00592417 0.01184834 0.00236967 0.03199052
  0.01421801 0.00829384 0.00592417 0.00118483]
 [0.         0.96228338 0.00101937 0.01223242 0.00203874 0.00203874
  0.00407747 0.00101937 0.01529052 0.        ]
 [0.01553829 0.01442841 0.77247503 0.05216426 0.01553829 0.00221976
  0.04328524 0.03218646 0.04550499 0.00665927]
 [0.01261468 0.00573394 0.0206422  0.8440367  0.00573394 0.03325688
  0.01261468 0.02637615 0.02752294 0.01146789]
 [0.00350058 0.00933489 0.01633606 0.00466744 0.85997666 0.00233372
  0.0210035  0.00816803 0.01050175 0.06417736]
 [0.0218509  0.00771208 0.01285347 0.07712082 0.02570694 0.7377892
  0.02056555 0.02956298 0.05141388 0.01542416]
 [0.01336574 0.0072904  0.03037667 0.0145808  0.04009721 0.03888214
  0.82624544 0.01579587 0.0109356  0.00243013]
 [0.00227015 0.03291714 0.02837684 0.01475596 0.01816118 0.01021566
  0.01135074 0.82065834 0.00567537 0.05561862]
 [0.01770956 0.00826446 0.01416765 0.04840614 0.01534829 0.04132231
  0.01416765 0.02597403 0.79693034 0.01770956]
 [0.01360544 0.01247166 0.00566893 0.01587302 0.06462585 0.00907029
  0.00453515 0.03401361 0.01360544 0.82653061]]

    score:0.8388
    sparsity:1.0000
    train_time:34.5628
    test_time:0.1838
Session is closed.
MNIST classification starts: 600.4162
best model trained: 41.2390
test done: 0.2216
Normalized confusion matrix
[[9.41836735e-01 0.00000000e+00 5.10204082e-03 2.04081633e-03
  2.04081633e-03 1.63265306e-02 1.93877551e-02 5.10204082e-03
  8.16326531e-03 0.00000000e+00]
 [0.00000000e+00 9.62114537e-01 2.64317181e-03 4.40528634e-03
  1.76211454e-03 7.04845815e-03 3.52422907e-03 0.00000000e+00
  1.76211454e-02 8.81057269e-04]
 [1.64728682e-02 1.74418605e-02 7.89728682e-01 3.97286822e-02
  1.35658915e-02 8.72093023e-03 2.71317829e-02 2.81007752e-02
  5.13565891e-02 7.75193798e-03]
 [5.94059406e-03 8.91089109e-03 2.67326733e-02 8.19801980e-01
  9.90099010e-03 4.75247525e-02 1.18811881e-02 2.87128713e-02
  2.77227723e-02 1.28712871e-02]
 [3.05498982e-03 7.12830957e-03 1.12016293e-02 2.03665988e-03
  9.07331976e-01 8.14663951e-03 1.62932790e-02 7.12830957e-03
  7.12830957e-03 3.05498982e-02]
 [1.23318386e-02 1.00896861e-02 1.56950673e-02 5.04484305e-02
  2.91479821e-02 8.06053812e-01 1.90582960e-02 2.01793722e-02
  2.80269058e-02 8.96860987e-03]
 [2.92275574e-02 9.39457203e-03 2.40083507e-02 3.13152401e-03
  2.40083507e-02 2.81837161e-02 8.56993737e-01 1.35699374e-02
  1.04384134e-02 1.04384134e-03]
 [3.89105058e-03 2.23735409e-02 3.59922179e-02 9.72762646e-03
  2.52918288e-02 6.80933852e-03 7.78210117e-03 8.32684825e-01
  1.07003891e-02 4.47470817e-02]
 [1.43737166e-02 2.25872690e-02 1.95071869e-02 3.38809035e-02
  3.38809035e-02 4.51745380e-02 9.24024641e-03 8.21355236e-03
  7.82340862e-01 3.08008214e-02]
 [1.78394450e-02 6.93756194e-03 6.93756194e-03 1.68483647e-02
  8.62239841e-02 1.28840436e-02 2.97324083e-03 4.95540139e-02
  1.48662042e-02 7.84935580e-01]]

    score:0.8499
    sparsity:1.0000
    train_time:41.2390
    test_time:0.2216
Session is closed.
MNIST classification starts: 642.8122
best model trained: 49.0765
test done: 0.2403
Normalized confusion matrix
[[9.43877551e-01 0.00000000e+00 9.18367347e-03 3.06122449e-03
  1.02040816e-03 2.14285714e-02 1.53061224e-02 2.04081633e-03
  4.08163265e-03 0.00000000e+00]
 [0.00000000e+00 9.67400881e-01 4.40528634e-03 2.64317181e-03
  8.81057269e-04 3.52422907e-03 3.52422907e-03 8.81057269e-04
  1.58590308e-02 8.81057269e-04]
 [1.55038760e-02 6.78294574e-03 8.14922481e-01 4.55426357e-02
  1.35658915e-02 7.75193798e-03 2.32558140e-02 3.00387597e-02
  3.48837209e-02 7.75193798e-03]
 [5.94059406e-03 3.96039604e-03 2.37623762e-02 8.57425743e-01
  6.93069307e-03 3.16831683e-02 1.08910891e-02 2.37623762e-02
  2.87128713e-02 6.93069307e-03]
 [4.07331976e-03 6.10997963e-03 1.32382892e-02 2.03665988e-03
  9.03258656e-01 6.10997963e-03 1.22199593e-02 1.22199593e-02
  5.09164969e-03 3.56415479e-02]
 [1.23318386e-02 1.00896861e-02 8.96860987e-03 6.39013453e-02
  3.47533632e-02 7.82511211e-01 2.01793722e-02 2.01793722e-02
  3.13901345e-02 1.56950673e-02]
 [1.77453027e-02 6.26304802e-03 2.19206681e-02 6.26304802e-03
  1.77453027e-02 1.77453027e-02 8.91440501e-01 1.56576200e-02
  5.21920668e-03 0.00000000e+00]
 [9.72762646e-04 1.65369650e-02 2.82101167e-02 2.14007782e-02
  1.45914397e-02 3.89105058e-03 7.78210117e-03 8.61867704e-01
  6.80933852e-03 3.79377432e-02]
 [8.21355236e-03 1.95071869e-02 1.74537988e-02 3.79876797e-02
  2.25872690e-02 5.85215606e-02 1.54004107e-02 1.64271047e-02
  7.83367556e-01 2.05338809e-02]
 [1.48662042e-02 6.93756194e-03 1.18929633e-02 1.18929633e-02
  6.44202180e-02 8.91972250e-03 2.97324083e-03 5.94648167e-02
  9.91080278e-03 8.08721506e-01]]

    score:0.8634
    sparsity:1.0000
    train_time:49.0765
    test_time:0.2403
Session is closed.
MNIST classification starts: 693.0956
best model trained: 56.4684
test done: 0.2565
Normalized confusion matrix
[[9.39795918e-01 0.00000000e+00 9.18367347e-03 6.12244898e-03
  1.02040816e-03 2.14285714e-02 1.42857143e-02 3.06122449e-03
  4.08163265e-03 1.02040816e-03]
 [0.00000000e+00 9.67400881e-01 3.52422907e-03 2.64317181e-03
  0.00000000e+00 2.64317181e-03 3.52422907e-03 8.81057269e-04
  1.93832599e-02 0.00000000e+00]
 [2.32558140e-02 1.64728682e-02 7.46124031e-01 5.03875969e-02
  2.61627907e-02 1.25968992e-02 3.97286822e-02 2.71317829e-02
  5.23255814e-02 5.81395349e-03]
 [3.96039604e-03 5.94059406e-03 1.38613861e-02 8.85148515e-01
  1.98019802e-03 3.26732673e-02 9.90099010e-03 2.17821782e-02
  1.98019802e-02 4.95049505e-03]
 [2.03665988e-03 2.03665988e-03 7.12830957e-03 3.05498982e-03
  8.71690428e-01 5.09164969e-03 2.54582485e-02 1.83299389e-02
  5.09164969e-03 6.00814664e-02]
 [1.34529148e-02 8.96860987e-03 6.72645740e-03 4.59641256e-02
  1.34529148e-02 8.19506726e-01 2.69058296e-02 2.69058296e-02
  2.69058296e-02 1.12107623e-02]
 [1.87891441e-02 8.35073069e-03 1.35699374e-02 8.35073069e-03
  1.46137787e-02 1.56576200e-02 9.03966597e-01 1.35699374e-02
  3.13152401e-03 0.00000000e+00]
 [3.89105058e-03 1.94552529e-02 1.75097276e-02 1.75097276e-02
  8.75486381e-03 7.78210117e-03 9.72762646e-03 8.70622568e-01
  8.75486381e-03 3.59922179e-02]
 [1.33470226e-02 1.84804928e-02 4.10677618e-03 4.51745380e-02
  1.84804928e-02 4.92813142e-02 1.74537988e-02 2.05338809e-02
  7.93634497e-01 1.95071869e-02]
 [1.48662042e-02 4.95540139e-03 8.91972250e-03 8.91972250e-03
  4.95540139e-02 1.09018831e-02 9.91080278e-04 5.25272547e-02
  4.95540139e-03 8.43409316e-01]]

    score:0.8655
    sparsity:1.0000
    train_time:56.4684
    test_time:0.2565
Session is closed.
MNIST classification starts: 751.0044
best model trained: 64.1896
test done: 0.2794
Normalized confusion matrix
[[9.47959184e-01 0.00000000e+00 5.10204082e-03 9.18367347e-03
  0.00000000e+00 9.18367347e-03 1.42857143e-02 6.12244898e-03
  7.14285714e-03 1.02040816e-03]
 [0.00000000e+00 9.69162996e-01 2.64317181e-03 6.16740088e-03
  8.81057269e-04 1.76211454e-03 3.52422907e-03 8.81057269e-04
  1.49779736e-02 0.00000000e+00]
 [1.55038760e-02 9.68992248e-03 7.96511628e-01 4.55426357e-02
  1.45348837e-02 9.68992248e-03 1.84108527e-02 3.29457364e-02
  5.03875969e-02 6.78294574e-03]
 [2.97029703e-03 2.97029703e-03 1.38613861e-02 8.73267327e-01
  3.96039604e-03 2.97029703e-02 1.48514851e-02 2.37623762e-02
  2.67326733e-02 7.92079208e-03]
 [3.05498982e-03 5.09164969e-03 9.16496945e-03 2.03665988e-03
  9.02240326e-01 5.09164969e-03 1.83299389e-02 6.10997963e-03
  1.22199593e-02 3.66598778e-02]
 [1.12107623e-02 5.60538117e-03 1.12107623e-02 5.49327354e-02
  2.01793722e-02 8.00448430e-01 2.80269058e-02 1.90582960e-02
  4.26008969e-02 6.72645740e-03]
 [1.04384134e-02 6.26304802e-03 1.04384134e-02 1.04384134e-02
  1.14822547e-02 1.77453027e-02 9.20668058e-01 7.30688935e-03
  3.13152401e-03 2.08768267e-03]
 [1.94552529e-03 1.75097276e-02 2.14007782e-02 1.36186770e-02
  1.65369650e-02 7.78210117e-03 1.07003891e-02 8.60894942e-01
  4.86381323e-03 4.47470817e-02]
 [9.24024641e-03 1.43737166e-02 1.43737166e-02 4.62012320e-02
  1.74537988e-02 4.10677618e-02 1.02669405e-02 6.16016427e-03
  8.18275154e-01 2.25872690e-02]
 [1.48662042e-02 7.92864222e-03 4.95540139e-03 1.78394450e-02
  6.93756194e-02 3.96432111e-03 2.97324083e-03 3.86521308e-02
  7.92864222e-03 8.31516353e-01]]

    score:0.8736
    sparsity:1.0000
    train_time:64.1896
    test_time:0.2794
Session is closed.
MNIST classification starts: 816.4617
best model trained: 71.7236
test done: 0.2770
Normalized confusion matrix
[[9.34693878e-01 0.00000000e+00 7.14285714e-03 5.10204082e-03
  1.02040816e-03 1.83673469e-02 2.24489796e-02 1.02040816e-03
  1.02040816e-02 0.00000000e+00]
 [0.00000000e+00 9.62995595e-01 3.52422907e-03 7.92951542e-03
  8.81057269e-04 3.52422907e-03 3.52422907e-03 1.76211454e-03
  1.58590308e-02 0.00000000e+00]
 [1.84108527e-02 7.75193798e-03 8.43023256e-01 3.39147287e-02
  1.25968992e-02 3.87596899e-03 1.74418605e-02 2.13178295e-02
  3.48837209e-02 6.78294574e-03]
 [9.90099010e-04 2.97029703e-03 4.05940594e-02 8.33663366e-01
  5.94059406e-03 4.15841584e-02 8.91089109e-03 2.67326733e-02
  2.57425743e-02 1.28712871e-02]
 [3.05498982e-03 5.09164969e-03 7.12830957e-03 4.07331976e-03
  8.81873727e-01 5.09164969e-03 1.73116090e-02 1.52749491e-02
  7.12830957e-03 5.39714868e-02]
 [1.34529148e-02 5.60538117e-03 7.84753363e-03 4.48430493e-02
  2.01793722e-02 8.18385650e-01 2.24215247e-02 2.13004484e-02
  3.25112108e-02 1.34529148e-02]
 [1.46137787e-02 5.21920668e-03 2.71398747e-02 4.17536534e-03
  1.14822547e-02 2.19206681e-02 8.97703549e-01 9.39457203e-03
  6.26304802e-03 2.08768267e-03]
 [2.91828794e-03 1.55642023e-02 2.04280156e-02 1.45914397e-02
  8.75486381e-03 7.78210117e-03 4.86381323e-03 8.79377432e-01
  2.91828794e-03 4.28015564e-02]
 [1.12936345e-02 1.23203285e-02 1.43737166e-02 3.69609856e-02
  1.95071869e-02 2.66940452e-02 1.43737166e-02 2.25872690e-02
  8.16221766e-01 2.56673511e-02]
 [1.18929633e-02 6.93756194e-03 6.93756194e-03 1.28840436e-02
  4.26164519e-02 1.09018831e-02 1.98216056e-03 4.06342914e-02
  6.93756194e-03 8.58275520e-01]]

    score:0.8742
    sparsity:1.0000
    train_time:71.7236
    test_time:0.2770
Session is closed.
MNIST classification starts: 889.4427
best model trained: 79.3882
test done: 0.2982
Normalized confusion matrix
[[9.60204082e-01 0.00000000e+00 1.02040816e-03 3.06122449e-03
  1.02040816e-03 1.32653061e-02 1.12244898e-02 4.08163265e-03
  5.10204082e-03 1.02040816e-03]
 [0.00000000e+00 9.69162996e-01 3.52422907e-03 3.52422907e-03
  8.81057269e-04 8.81057269e-04 2.64317181e-03 0.00000000e+00
  1.93832599e-02 0.00000000e+00]
 [1.64728682e-02 5.81395349e-03 8.26550388e-01 4.94186047e-02
  1.25968992e-02 5.81395349e-03 1.74418605e-02 2.13178295e-02
  3.87596899e-02 5.81395349e-03]
 [1.98019802e-03 1.98019802e-03 2.77227723e-02 8.76237624e-01
  3.96039604e-03 3.66336634e-02 4.95049505e-03 1.58415842e-02
  2.77227723e-02 2.97029703e-03]
 [2.03665988e-03 8.14663951e-03 1.22199593e-02 2.03665988e-03
  8.98167006e-01 5.09164969e-03 1.62932790e-02 8.14663951e-03
  9.16496945e-03 3.86965377e-02]
 [1.68161435e-02 6.72645740e-03 5.60538117e-03 5.04484305e-02
  1.68161435e-02 8.02690583e-01 2.24215247e-02 1.00896861e-02
  5.38116592e-02 1.45739910e-02]
 [1.77453027e-02 5.21920668e-03 8.35073069e-03 2.08768267e-03
  1.56576200e-02 2.50521921e-02 8.94572025e-01 1.67014614e-02
  9.39457203e-03 5.21920668e-03]
 [5.83657588e-03 2.14007782e-02 2.72373541e-02 1.94552529e-02
  1.45914397e-02 1.94552529e-03 5.83657588e-03 8.60894942e-01
  4.86381323e-03 3.79377432e-02]
 [9.24024641e-03 1.43737166e-02 6.16016427e-03 4.20944559e-02
  1.33470226e-02 2.97741273e-02 9.24024641e-03 1.12936345e-02
  8.40862423e-01 2.36139630e-02]
 [1.38751239e-02 8.91972250e-03 1.98216056e-03 1.48662042e-02
  5.84737364e-02 5.94648167e-03 2.97324083e-03 3.56788900e-02
  8.91972250e-03 8.48364718e-01]]

    score:0.8794
    sparsity:1.0000
    train_time:79.3882
    test_time:0.2982
Session is closed.
