nyx7010
2018-07-15 14:13:06.313074: W tensorflow/core/platform/cpu_feature_guard.cc:45] The TensorFlow library wasn't compiled to use SSE4.1 instructions, but these are available on your machine and could speed up CPU computations.
2018-07-15 14:13:06.313193: W tensorflow/core/platform/cpu_feature_guard.cc:45] The TensorFlow library wasn't compiled to use SSE4.2 instructions, but these are available on your machine and could speed up CPU computations.
2018-07-15 14:13:06.313210: W tensorflow/core/platform/cpu_feature_guard.cc:45] The TensorFlow library wasn't compiled to use AVX instructions, but these are available on your machine and could speed up CPU computations.
2018-07-15 14:13:06.313221: W tensorflow/core/platform/cpu_feature_guard.cc:45] The TensorFlow library wasn't compiled to use AVX2 instructions, but these are available on your machine and could speed up CPU computations.
2018-07-15 14:13:06.313232: W tensorflow/core/platform/cpu_feature_guard.cc:45] The TensorFlow library wasn't compiled to use FMA instructions, but these are available on your machine and could speed up CPU computations.
MNIST classification starts: 3.7008
best model trained: 10.8279
test done: 0.0146
Normalized confusion matrix
[[0.75862069 0.         0.         0.         0.03448276 0.
  0.17241379 0.         0.         0.03448276]
 [0.         0.86956522 0.         0.         0.         0.13043478
  0.         0.         0.         0.        ]
 [0.07894737 0.15789474 0.28947368 0.10526316 0.02631579 0.05263158
  0.10526316 0.05263158 0.07894737 0.05263158]
 [0.17857143 0.07142857 0.07142857 0.21428571 0.         0.32142857
  0.03571429 0.03571429 0.         0.07142857]
 [0.09756098 0.07317073 0.02439024 0.02439024 0.3902439  0.02439024
  0.04878049 0.02439024 0.04878049 0.24390244]
 [0.09677419 0.22580645 0.         0.09677419 0.06451613 0.41935484
  0.09677419 0.         0.         0.        ]
 [0.08       0.04       0.         0.         0.         0.08
  0.56       0.04       0.         0.2       ]
 [0.         0.10810811 0.13513514 0.         0.08108108 0.05405405
  0.         0.32432432 0.         0.2972973 ]
 [0.         0.04761905 0.         0.04761905 0.04761905 0.14285714
  0.28571429 0.14285714 0.0952381  0.19047619]
 [0.02702703 0.10810811 0.02702703 0.         0.08108108 0.
  0.10810811 0.05405405 0.         0.59459459]]

    score:0.4745
    sparsity:0.5103
    train_time:10.8279
    test_time:0.0146
Session is closed.
MNIST classification starts: 15.7987
best model trained: 7.2651
test done: 0.0414
Normalized confusion matrix
[[0.74857143 0.00571429 0.04571429 0.01142857 0.01142857 0.05714286
  0.10285714 0.00571429 0.00571429 0.00571429]
 [0.         0.96153846 0.         0.01709402 0.         0.01282051
  0.0042735  0.         0.0042735  0.        ]
 [0.00913242 0.12328767 0.53881279 0.06392694 0.01826484 0.02283105
  0.08675799 0.0456621  0.07762557 0.01369863]
 [0.01932367 0.03864734 0.00483092 0.74396135 0.01449275 0.06763285
  0.01449275 0.0821256  0.00483092 0.00966184]
 [0.         0.03225806 0.01382488 0.00921659 0.76958525 0.01382488
  0.03686636 0.01843318 0.01382488 0.0921659 ]
 [0.05586592 0.02234637 0.00558659 0.19553073 0.03351955 0.55865922
  0.00558659 0.02793296 0.06145251 0.03351955]
 [0.02808989 0.06179775 0.10674157 0.02808989 0.02247191 0.01123596
  0.66292135 0.02247191 0.04494382 0.01123596]
 [0.         0.14634146 0.0097561  0.0195122  0.05365854 0.00487805
  0.         0.64390244 0.0195122  0.10243902]
 [0.00520833 0.09895833 0.01041667 0.140625   0.03645833 0.09375
  0.05208333 0.03645833 0.47395833 0.05208333]
 [0.00515464 0.03092784 0.         0.01030928 0.21134021 0.02061856
  0.         0.06185567 0.03608247 0.62371134]]

    score:0.6785
    sparsity:0.5025
    train_time:7.2651
    test_time:0.0414
Session is closed.
MNIST classification starts: 23.9686
best model trained: 13.4756
test done: 0.0765
Normalized confusion matrix
[[0.87537092 0.         0.00890208 0.00296736 0.01780415 0.0148368
  0.03264095 0.0148368  0.00890208 0.02373887]
 [0.         0.96634615 0.00480769 0.01442308 0.         0.
  0.00721154 0.         0.00480769 0.00240385]
 [0.02356021 0.04450262 0.67539267 0.06544503 0.01832461 0.0104712
  0.05497382 0.03141361 0.06806283 0.0078534 ]
 [0.00265252 0.01856764 0.03713528 0.82228117 0.0132626  0.0397878
  0.         0.03713528 0.01591512 0.0132626 ]
 [0.00255754 0.01534527 0.00511509 0.01023018 0.8516624  0.01278772
  0.01790281 0.01790281 0.01023018 0.05626598]
 [0.02967359 0.00593472 0.01780415 0.15430267 0.05934718 0.5578635
  0.01780415 0.03857567 0.02967359 0.08902077]
 [0.05507246 0.0173913  0.04347826 0.02028986 0.04057971 0.05507246
  0.72753623 0.02318841 0.0173913  0.        ]
 [0.00779221 0.04155844 0.04675325 0.01818182 0.03896104 0.00519481
  0.00519481 0.77142857 0.00779221 0.05714286]
 [0.02285714 0.05142857 0.04285714 0.14285714 0.06       0.04
  0.01142857 0.02285714 0.56857143 0.03714286]
 [0.00867052 0.02023121 0.00578035 0.03179191 0.11849711 0.00289017
  0.00867052 0.04624277 0.01734104 0.73988439]]

    score:0.7608
    sparsity:0.5052
    train_time:13.4756
    test_time:0.0765
Session is closed.
MNIST classification starts: 38.4223
best model trained: 20.1935
test done: 0.1217
Normalized confusion matrix
[[0.93548387 0.         0.00403226 0.01209677 0.00201613 0.00806452
  0.01008065 0.01008065 0.01814516 0.        ]
 [0.         0.95901639 0.00491803 0.0147541  0.00327869 0.00163934
  0.00819672 0.         0.00819672 0.        ]
 [0.00715564 0.0411449  0.71556351 0.05903399 0.02146691 0.00536673
  0.03935599 0.02683363 0.07692308 0.00715564]
 [0.00562852 0.0206379  0.02814259 0.82551595 0.00938086 0.02626642
  0.01125704 0.02626642 0.03752345 0.00938086]
 [0.00186567 0.00746269 0.02798507 0.00186567 0.88246269 0.00186567
  0.01492537 0.01119403 0.01492537 0.03544776]
 [0.02697095 0.00829876 0.01244813 0.15352697 0.05809129 0.54564315
  0.02074689 0.02904564 0.10995851 0.03526971]
 [0.04848485 0.02222222 0.02626263 0.01010101 0.06464646 0.03838384
  0.73535354 0.02424242 0.03030303 0.        ]
 [0.00732601 0.07142857 0.01098901 0.01648352 0.03663004 0.003663
  0.01098901 0.78205128 0.01282051 0.04761905]
 [0.02307692 0.02307692 0.01923077 0.05384615 0.04230769 0.01538462
  0.00769231 0.01346154 0.78076923 0.02115385]
 [0.00719424 0.02158273 0.00719424 0.01618705 0.20323741 0.00719424
  0.00179856 0.07194245 0.01978417 0.64388489]]

    score:0.7838
    sparsity:0.4957
    train_time:20.1935
    test_time:0.1217
Session is closed.
MNIST classification starts: 59.6553
best model trained: 26.8283
test done: 0.1429
Normalized confusion matrix
[[0.90178571 0.0014881  0.00446429 0.00446429 0.00297619 0.03422619
  0.02083333 0.01041667 0.01190476 0.00744048]
 [0.         0.9509434  0.00125786 0.01132075 0.         0.02515723
  0.00628931 0.         0.00503145 0.        ]
 [0.01508916 0.02743484 0.72016461 0.07544582 0.01920439 0.00137174
  0.04526749 0.01920439 0.06858711 0.00823045]
 [0.0042735  0.01282051 0.01851852 0.82905983 0.0014245  0.04558405
  0.01282051 0.02421652 0.02849003 0.02279202]
 [0.00285714 0.01285714 0.01142857 0.00142857 0.86142857 0.00428571
  0.01428571 0.00571429 0.00857143 0.07714286]
 [0.00947867 0.00631912 0.01421801 0.09636651 0.02053712 0.7235387
  0.02843602 0.01579779 0.05055292 0.03475513]
 [0.02743902 0.01067073 0.0152439  0.00152439 0.02591463 0.0304878
  0.875      0.00152439 0.01219512 0.        ]
 [0.00280899 0.03792135 0.01264045 0.0238764  0.01966292 0.00983146
  0.00702247 0.79353933 0.01264045 0.08005618]
 [0.01173021 0.02346041 0.01173021 0.08357771 0.02932551 0.04252199
  0.01026393 0.01466276 0.74340176 0.02932551]
 [0.01390821 0.01668985 0.0069541  0.02364395 0.07371349 0.01808067
  0.         0.03198887 0.02781641 0.78720445]]

    score:0.8203
    sparsity:0.5019
    train_time:26.8283
    test_time:0.1429
Session is closed.
MNIST classification starts: 87.7523
best model trained: 34.3717
test done: 0.2043
Normalized confusion matrix
[[0.93246445 0.         0.007109   0.01540284 0.00236967 0.01658768
  0.01421801 0.0035545  0.00829384 0.        ]
 [0.         0.96839959 0.00101937 0.00509684 0.00203874 0.00203874
  0.00407747 0.00101937 0.01630989 0.        ]
 [0.02108768 0.01109878 0.75915649 0.06326304 0.02441731 0.00332963
  0.03440622 0.0199778  0.05993341 0.00332963]
 [0.00229358 0.00344037 0.01834862 0.875      0.00344037 0.02752294
  0.0103211  0.01605505 0.03555046 0.00802752]
 [0.00350058 0.01166861 0.00933489 0.00466744 0.86114352 0.00933489
  0.02333722 0.00350058 0.01400233 0.05950992]
 [0.01799486 0.00514139 0.01028278 0.09383033 0.02313625 0.7403599
  0.01413882 0.01413882 0.06298201 0.01799486]
 [0.018226   0.00850547 0.02065614 0.01215067 0.01944107 0.0328068
  0.87606318 0.00607533 0.00607533 0.        ]
 [0.00567537 0.03859251 0.01475596 0.01475596 0.02497162 0.00681044
  0.00567537 0.8093076  0.01362089 0.06583428]
 [0.0188902  0.01062574 0.01534829 0.0377804  0.01534829 0.03305785
  0.01770956 0.01062574 0.80755608 0.03305785]
 [0.02040816 0.01020408 0.00680272 0.01587302 0.10430839 0.01927438
  0.         0.04421769 0.02267574 0.75623583]]

    score:0.8404
    sparsity:0.4977
    train_time:34.3717
    test_time:0.2043
Session is closed.
MNIST classification starts: 123.2850
best model trained: 41.0781
test done: 0.2530
Normalized confusion matrix
[[9.36734694e-01 0.00000000e+00 1.02040816e-02 1.02040816e-03
  4.08163265e-03 1.63265306e-02 2.04081633e-02 7.14285714e-03
  4.08163265e-03 0.00000000e+00]
 [0.00000000e+00 9.69162996e-01 4.40528634e-03 5.28634361e-03
  8.81057269e-04 8.81057269e-04 4.40528634e-03 0.00000000e+00
  1.49779736e-02 0.00000000e+00]
 [1.35658915e-02 1.45348837e-02 7.96511628e-01 3.87596899e-02
  2.22868217e-02 4.84496124e-03 2.81007752e-02 2.42248062e-02
  5.03875969e-02 6.78294574e-03]
 [7.92079208e-03 3.96039604e-03 2.47524752e-02 8.52475248e-01
  2.97029703e-03 4.25742574e-02 1.18811881e-02 1.78217822e-02
  2.77227723e-02 7.92079208e-03]
 [3.05498982e-03 1.01832994e-02 7.12830957e-03 6.10997963e-03
  9.12423625e-01 5.09164969e-03 1.12016293e-02 3.05498982e-03
  1.01832994e-02 3.15682281e-02]
 [8.96860987e-03 1.23318386e-02 1.12107623e-02 5.60538117e-02
  2.91479821e-02 8.03811659e-01 1.79372197e-02 1.56950673e-02
  3.25112108e-02 1.23318386e-02]
 [1.35699374e-02 4.17536534e-03 1.04384134e-02 0.00000000e+00
  1.25260960e-02 2.71398747e-02 9.17536534e-01 1.04384134e-02
  4.17536534e-03 0.00000000e+00]
 [4.86381323e-03 2.62645914e-02 1.75097276e-02 1.36186770e-02
  1.75097276e-02 3.89105058e-03 2.91828794e-03 8.43385214e-01
  1.36186770e-02 5.64202335e-02]
 [5.13347023e-03 1.54004107e-02 8.21355236e-03 3.18275154e-02
  1.54004107e-02 4.82546201e-02 1.33470226e-02 1.02669405e-02
  8.30595483e-01 2.15605749e-02]
 [8.91972250e-03 9.91080278e-03 1.98216056e-03 1.58572844e-02
  8.62239841e-02 1.09018831e-02 3.96432111e-03 3.36967294e-02
  1.78394450e-02 8.10703667e-01]]

    score:0.8687
    sparsity:0.4968
    train_time:41.0781
    test_time:0.2530
Session is closed.
MNIST classification starts: 165.5978
best model trained: 48.6872
test done: 0.2375
Normalized confusion matrix
[[9.56122449e-01 0.00000000e+00 3.06122449e-03 3.06122449e-03
  2.04081633e-03 1.53061224e-02 1.63265306e-02 1.02040816e-03
  3.06122449e-03 0.00000000e+00]
 [0.00000000e+00 9.64757709e-01 5.28634361e-03 0.00000000e+00
  1.76211454e-03 6.16740088e-03 3.52422907e-03 0.00000000e+00
  1.76211454e-02 8.81057269e-04]
 [1.45348837e-02 1.25968992e-02 8.32364341e-01 3.87596899e-02
  1.16279070e-02 4.84496124e-03 2.61627907e-02 2.61627907e-02
  3.00387597e-02 2.90697674e-03]
 [3.96039604e-03 6.93069307e-03 2.77227723e-02 8.30693069e-01
  2.97029703e-03 7.22772277e-02 4.95049505e-03 1.48514851e-02
  2.37623762e-02 1.18811881e-02]
 [7.12830957e-03 7.12830957e-03 9.16496945e-03 1.01832994e-03
  8.90020367e-01 4.07331976e-03 1.12016293e-02 8.14663951e-03
  1.22199593e-02 4.98981670e-02]
 [7.84753363e-03 4.48430493e-03 8.96860987e-03 4.14798206e-02
  1.56950673e-02 8.37443946e-01 2.35426009e-02 8.96860987e-03
  3.36322870e-02 1.79372197e-02]
 [1.56576200e-02 5.21920668e-03 1.67014614e-02 1.04384134e-03
  1.04384134e-02 2.92275574e-02 9.08141962e-01 7.30688935e-03
  3.13152401e-03 3.13152401e-03]
 [9.72762646e-04 2.72373541e-02 1.36186770e-02 1.07003891e-02
  1.55642023e-02 6.80933852e-03 5.83657588e-03 8.62840467e-01
  3.89105058e-03 5.25291829e-02]
 [1.33470226e-02 1.54004107e-02 1.33470226e-02 4.51745380e-02
  1.23203285e-02 5.03080082e-02 1.02669405e-02 1.02669405e-02
  7.95687885e-01 3.38809035e-02]
 [1.68483647e-02 6.93756194e-03 4.95540139e-03 1.68483647e-02
  6.04558969e-02 1.48662042e-02 9.91080278e-04 3.27056492e-02
  9.91080278e-03 8.35480674e-01]]

    score:0.8726
    sparsity:0.5059
    train_time:48.6872
    test_time:0.2375
Session is closed.
MNIST classification starts: 215.4847
best model trained: 56.2372
test done: 0.2666
Normalized confusion matrix
[[9.58163265e-01 0.00000000e+00 3.06122449e-03 5.10204082e-03
  0.00000000e+00 1.12244898e-02 1.22448980e-02 2.04081633e-03
  7.14285714e-03 1.02040816e-03]
 [0.00000000e+00 9.74449339e-01 1.05726872e-02 4.40528634e-03
  1.76211454e-03 8.81057269e-04 3.52422907e-03 0.00000000e+00
  4.40528634e-03 0.00000000e+00]
 [1.64728682e-02 1.84108527e-02 8.11046512e-01 3.58527132e-02
  1.93798450e-02 2.90697674e-03 2.42248062e-02 1.55038760e-02
  4.94186047e-02 6.78294574e-03]
 [5.94059406e-03 9.90099010e-04 2.37623762e-02 8.76237624e-01
  3.96039604e-03 2.57425743e-02 9.90099010e-03 1.68316832e-02
  2.37623762e-02 1.28712871e-02]
 [4.07331976e-03 1.12016293e-02 1.01832994e-02 0.00000000e+00
  9.04276986e-01 1.01832994e-03 9.16496945e-03 1.01832994e-03
  5.09164969e-03 5.39714868e-02]
 [1.68161435e-02 1.23318386e-02 1.56950673e-02 7.73542601e-02
  2.69058296e-02 7.61210762e-01 3.13901345e-02 1.45739910e-02
  3.47533632e-02 8.96860987e-03]
 [1.87891441e-02 1.04384134e-02 2.60960334e-02 3.13152401e-03
  1.98329854e-02 9.39457203e-03 9.01878914e-01 2.08768267e-03
  5.21920668e-03 3.13152401e-03]
 [3.89105058e-03 2.33463035e-02 1.55642023e-02 1.75097276e-02
  1.94552529e-02 3.89105058e-03 2.91828794e-03 8.41439689e-01
  7.78210117e-03 6.42023346e-02]
 [1.12936345e-02 1.74537988e-02 2.05338809e-02 4.72279261e-02
  2.36139630e-02 3.08008214e-02 1.12936345e-02 1.33470226e-02
  7.95687885e-01 2.87474333e-02]
 [9.91080278e-03 9.91080278e-03 3.96432111e-03 1.28840436e-02
  8.32507433e-02 4.95540139e-03 9.91080278e-04 2.97324083e-02
  8.91972250e-03 8.35480674e-01]]

    score:0.8681
    sparsity:0.4967
    train_time:56.2372
    test_time:0.2666
Session is closed.
MNIST classification starts: 273.1722
best model trained: 64.1023
test done: 0.2794
Normalized confusion matrix
[[9.48979592e-01 0.00000000e+00 3.06122449e-03 6.12244898e-03
  0.00000000e+00 1.32653061e-02 1.22448980e-02 5.10204082e-03
  1.12244898e-02 0.00000000e+00]
 [0.00000000e+00 9.65638767e-01 3.52422907e-03 7.04845815e-03
  0.00000000e+00 1.76211454e-03 3.52422907e-03 8.81057269e-04
  1.67400881e-02 8.81057269e-04]
 [1.45348837e-02 5.81395349e-03 8.14922481e-01 5.23255814e-02
  3.00387597e-02 1.93798450e-03 1.84108527e-02 1.74418605e-02
  4.36046512e-02 9.68992248e-04]
 [3.96039604e-03 6.93069307e-03 1.48514851e-02 8.85148515e-01
  5.94059406e-03 2.37623762e-02 7.92079208e-03 1.88118812e-02
  2.57425743e-02 6.93069307e-03]
 [2.03665988e-03 7.12830957e-03 4.07331976e-03 2.03665988e-03
  9.14460285e-01 1.01832994e-03 1.12016293e-02 6.10997963e-03
  1.12016293e-02 4.07331976e-02]
 [1.68161435e-02 3.36322870e-03 3.36322870e-03 5.15695067e-02
  3.02690583e-02 7.85874439e-01 2.24215247e-02 1.68161435e-02
  5.60538117e-02 1.34529148e-02]
 [1.56576200e-02 8.35073069e-03 1.25260960e-02 3.13152401e-03
  1.04384134e-02 1.67014614e-02 9.20668058e-01 3.13152401e-03
  9.39457203e-03 0.00000000e+00]
 [3.89105058e-03 2.04280156e-02 1.84824903e-02 1.36186770e-02
  1.84824903e-02 9.72762646e-04 6.80933852e-03 8.79377432e-01
  9.72762646e-04 3.69649805e-02]
 [8.21355236e-03 1.33470226e-02 1.54004107e-02 4.41478439e-02
  1.33470226e-02 2.97741273e-02 1.02669405e-02 2.25872690e-02
  8.29568789e-01 1.33470226e-02]
 [1.18929633e-02 8.91972250e-03 5.94648167e-03 1.28840436e-02
  8.12685828e-02 7.92864222e-03 2.97324083e-03 3.86521308e-02
  6.93756194e-03 8.22596630e-01]]

    score:0.8784
    sparsity:0.5011
    train_time:64.1023
    test_time:0.2794
Session is closed.
MNIST classification starts: 338.5402
best model trained: 70.8714
test done: 0.2686
Normalized confusion matrix
[[9.37755102e-01 0.00000000e+00 5.10204082e-03 9.18367347e-03
  1.02040816e-03 2.14285714e-02 1.73469388e-02 1.02040816e-03
  7.14285714e-03 0.00000000e+00]
 [0.00000000e+00 9.65638767e-01 2.64317181e-03 6.16740088e-03
  8.81057269e-04 1.76211454e-03 3.52422907e-03 8.81057269e-04
  1.85022026e-02 0.00000000e+00]
 [8.72093023e-03 3.87596899e-03 8.59496124e-01 2.71317829e-02
  1.64728682e-02 5.81395349e-03 1.84108527e-02 1.74418605e-02
  3.68217054e-02 5.81395349e-03]
 [3.96039604e-03 3.96039604e-03 2.57425743e-02 8.76237624e-01
  3.96039604e-03 3.16831683e-02 4.95049505e-03 1.38613861e-02
  2.67326733e-02 8.91089109e-03]
 [2.03665988e-03 6.10997963e-03 1.01832994e-02 1.01832994e-03
  9.08350305e-01 1.01832994e-03 1.01832994e-02 5.09164969e-03
  1.32382892e-02 4.27698574e-02]
 [1.12107623e-02 7.84753363e-03 5.60538117e-03 5.60538117e-02
  1.56950673e-02 8.20627803e-01 2.01793722e-02 1.90582960e-02
  3.47533632e-02 8.96860987e-03]
 [1.25260960e-02 3.13152401e-03 1.77453027e-02 3.13152401e-03
  1.56576200e-02 3.34029228e-02 9.05010438e-01 1.04384134e-03
  8.35073069e-03 0.00000000e+00]
 [9.72762646e-04 2.14007782e-02 3.01556420e-02 8.75486381e-03
  7.78210117e-03 4.86381323e-03 9.72762646e-04 8.73540856e-01
  1.94552529e-03 4.96108949e-02]
 [4.10677618e-03 8.21355236e-03 1.33470226e-02 4.10677618e-02
  1.23203285e-02 5.33880903e-02 1.23203285e-02 9.24024641e-03
  8.16221766e-01 2.97741273e-02]
 [7.92864222e-03 5.94648167e-03 4.95540139e-03 1.78394450e-02
  5.55004955e-02 9.91080278e-03 9.91080278e-04 2.97324083e-02
  1.09018831e-02 8.56293360e-01]]

    score:0.8835
    sparsity:0.5017
    train_time:70.8714
    test_time:0.2686
Session is closed.
MNIST classification starts: 410.6712
best model trained: 78.0564
test done: 0.2815
Normalized confusion matrix
[[0.97040816 0.         0.00204082 0.00306122 0.00102041 0.00714286
  0.00918367 0.00102041 0.00510204 0.00102041]
 [0.         0.96740088 0.00176211 0.00528634 0.00264317 0.00440529
  0.00352423 0.         0.01497797 0.        ]
 [0.01356589 0.0125969  0.83042636 0.03003876 0.01550388 0.00193798
  0.01841085 0.02131783 0.0494186  0.00678295]
 [0.0049505  0.0039604  0.01980198 0.88811881 0.0009901  0.03267327
  0.0049505  0.01188119 0.02178218 0.01089109]
 [0.00407332 0.00712831 0.00916497 0.00203666 0.8808554  0.00101833
  0.00916497 0.00509165 0.01425662 0.06720978]
 [0.01569507 0.00896861 0.00784753 0.05493274 0.02242152 0.79596413
  0.0190583  0.0190583  0.04147982 0.01457399]
 [0.02818372 0.00730689 0.0125261  0.00313152 0.01461378 0.01148225
  0.91231733 0.         0.00835073 0.00208768]
 [0.00486381 0.01848249 0.02626459 0.00583658 0.00972763 0.00097276
  0.00194553 0.86284047 0.00583658 0.06322957]
 [0.01437372 0.0174538  0.01437372 0.03182752 0.0174538  0.03593429
  0.00308008 0.01232033 0.83059548 0.02258727]
 [0.0148662  0.01189296 0.00198216 0.0148662  0.03468781 0.00594648
  0.00297324 0.02081269 0.0049554  0.88701685]]

    score:0.8843
    sparsity:0.4978
    train_time:78.0564
    test_time:0.2815
Session is closed.
MNIST classification starts: 490.0081
best model trained: 1.2894
test done: 0.0121
Normalized confusion matrix
[[0.68965517 0.         0.03448276 0.         0.         0.24137931
  0.         0.         0.         0.03448276]
 [0.         0.91304348 0.         0.02173913 0.         0.06521739
  0.         0.         0.         0.        ]
 [0.05263158 0.10526316 0.5        0.07894737 0.02631579 0.13157895
  0.05263158 0.         0.02631579 0.02631579]
 [0.03571429 0.25       0.17857143 0.35714286 0.         0.14285714
  0.03571429 0.         0.         0.        ]
 [0.02439024 0.04878049 0.02439024 0.02439024 0.43902439 0.24390244
  0.         0.02439024 0.         0.17073171]
 [0.06451613 0.09677419 0.06451613 0.09677419 0.         0.61290323
  0.03225806 0.         0.         0.03225806]
 [0.         0.04       0.2        0.04       0.04       0.08
  0.56       0.04       0.         0.        ]
 [0.02702703 0.18918919 0.02702703 0.02702703 0.08108108 0.05405405
  0.05405405 0.37837838 0.         0.16216216]
 [0.         0.04761905 0.19047619 0.0952381  0.04761905 0.19047619
  0.         0.         0.0952381  0.33333333]
 [0.         0.08108108 0.         0.13513514 0.08108108 0.08108108
  0.02702703 0.05405405 0.02702703 0.51351351]]

    score:0.5315
    sparsity:1.0000
    train_time:1.2894
    test_time:0.0121
Session is closed.
MNIST classification starts: 492.3712
best model trained: 7.2878
test done: 0.0333
Normalized confusion matrix
[[0.85714286 0.00571429 0.00571429 0.03428571 0.00571429 0.03428571
  0.02857143 0.00571429 0.00571429 0.01714286]
 [0.         0.95299145 0.00854701 0.0042735  0.0042735  0.
  0.00854701 0.0042735  0.         0.01709402]
 [0.01826484 0.05022831 0.61643836 0.14155251 0.00913242 0.01369863
  0.05936073 0.03652968 0.05022831 0.00456621]
 [0.00966184 0.02415459 0.05797101 0.64251208 0.00966184 0.10628019
  0.02898551 0.03381643 0.01449275 0.07246377]
 [0.00921659 0.01843318 0.01382488 0.03225806 0.67741935 0.01843318
  0.05069124 0.02304147 0.         0.15668203]
 [0.05027933 0.01675978 0.05586592 0.15083799 0.06145251 0.46927374
  0.03351955 0.02234637 0.02793296 0.11173184]
 [0.03932584 0.01685393 0.07303371 0.02247191 0.02808989 0.02808989
  0.71910112 0.03370787 0.02808989 0.01123596]
 [0.0097561  0.05365854 0.02439024 0.09268293 0.02926829 0.02439024
  0.0097561  0.62926829 0.02439024 0.10243902]
 [0.02083333 0.06770833 0.06770833 0.13020833 0.03125    0.09375
  0.00520833 0.046875   0.46354167 0.07291667]
 [0.         0.01030928 0.         0.05154639 0.07216495 0.03608247
  0.01546392 0.05154639 0.02061856 0.74226804]]

    score:0.6810
    sparsity:1.0000
    train_time:7.2878
    test_time:0.0333
Session is closed.
MNIST classification starts: 500.5597
best model trained: 13.3580
test done: 0.0610
Normalized confusion matrix
[[0.8694362  0.00296736 0.03560831 0.00296736 0.00890208 0.03264095
  0.01780415 0.00890208 0.02077151 0.        ]
 [0.         0.96634615 0.00240385 0.00480769 0.00240385 0.00240385
  0.00721154 0.00240385 0.01201923 0.        ]
 [0.02879581 0.03664921 0.7460733  0.03141361 0.01308901 0.01832461
  0.02094241 0.03664921 0.06282723 0.0052356 ]
 [0.01856764 0.03713528 0.03713528 0.69230769 0.00530504 0.09549072
  0.02122016 0.03713528 0.04509284 0.01061008]
 [0.00511509 0.02046036 0.03580563 0.01278772 0.7544757  0.01278772
  0.01023018 0.02557545 0.01278772 0.10997442]
 [0.02077151 0.01780415 0.0148368  0.09495549 0.03857567 0.65578635
  0.02373887 0.0504451  0.04451039 0.03857567]
 [0.02028986 0.04057971 0.06376812 0.0173913  0.06956522 0.04637681
  0.69275362 0.04057971 0.00869565 0.        ]
 [0.02337662 0.05194805 0.05194805 0.01558442 0.03116883 0.00519481
  0.00779221 0.72727273 0.02597403 0.05974026]
 [0.03428571 0.06857143 0.03714286 0.11428571 0.03428571 0.07142857
  0.01142857 0.02857143 0.56857143 0.03142857]
 [0.01156069 0.02023121 0.02023121 0.01156069 0.11849711 0.02023121
  0.         0.0433526  0.01445087 0.73988439]]

    score:0.7450
    sparsity:1.0000
    train_time:13.3580
    test_time:0.0610
Session is closed.
MNIST classification starts: 514.8993
best model trained: 20.2252
test done: 0.1005
Normalized confusion matrix
[[0.88508065 0.         0.01008065 0.00403226 0.         0.03830645
  0.0483871  0.00604839 0.00604839 0.00201613]
 [0.         0.95409836 0.         0.01967213 0.00163934 0.0147541
  0.00819672 0.         0.00163934 0.        ]
 [0.01610018 0.02504472 0.73166369 0.06618962 0.01252236 0.02146691
  0.0411449  0.04651163 0.03398927 0.00536673]
 [0.00187617 0.0206379  0.03939962 0.7804878  0.         0.09005629
  0.02439024 0.02814259 0.00938086 0.00562852]
 [0.00559701 0.0130597  0.01492537 0.00746269 0.79291045 0.02238806
  0.03358209 0.01865672 0.00186567 0.08955224]
 [0.01244813 0.01452282 0.01452282 0.0746888  0.03941909 0.75311203
  0.02282158 0.03319502 0.01659751 0.0186722 ]
 [0.03232323 0.01616162 0.04646465 0.00808081 0.03232323 0.07070707
  0.76969697 0.01212121 0.0040404  0.00808081]
 [0.003663   0.05128205 0.02747253 0.01831502 0.02197802 0.01831502
  0.01282051 0.78388278 0.         0.06227106]
 [0.01730769 0.04615385 0.01923077 0.07115385 0.02307692 0.09423077
  0.01730769 0.025      0.64615385 0.04038462]
 [0.01079137 0.01438849 0.00719424 0.01079137 0.10971223 0.04856115
  0.01258993 0.04496403 0.00359712 0.73741007]]

    score:0.7855
    sparsity:1.0000
    train_time:20.2252
    test_time:0.1005
Session is closed.
MNIST classification starts: 536.1829
best model trained: 26.7324
test done: 0.1466
Normalized confusion matrix
[[0.91369048 0.         0.00892857 0.0014881  0.00446429 0.02678571
  0.01339286 0.01636905 0.01190476 0.00297619]
 [0.         0.95849057 0.00251572 0.00377358 0.00125786 0.00628931
  0.00754717 0.         0.02012579 0.        ]
 [0.01646091 0.03155007 0.73525377 0.04801097 0.01783265 0.01097394
  0.04389575 0.04252401 0.05075446 0.00274348]
 [0.00854701 0.01282051 0.02421652 0.76923077 0.01139601 0.08404558
  0.00712251 0.03276353 0.03133903 0.01851852]
 [0.         0.01571429 0.01285714 0.00571429 0.86       0.00857143
  0.02428571 0.00285714 0.01285714 0.05714286]
 [0.01105845 0.00789889 0.01421801 0.0600316  0.03791469 0.76303318
  0.02527646 0.0300158  0.03159558 0.01895735]
 [0.03353659 0.01981707 0.0320122  0.00457317 0.03963415 0.03658537
  0.80030488 0.01219512 0.01676829 0.00457317]
 [0.00983146 0.04494382 0.01966292 0.01264045 0.02668539 0.00842697
  0.00842697 0.81460674 0.00983146 0.04494382]
 [0.01026393 0.04252199 0.01466276 0.05131965 0.04692082 0.05131965
  0.01319648 0.02639296 0.71407625 0.02932551]
 [0.01390821 0.01390821 0.00417246 0.01390821 0.10431154 0.01529903
  0.0069541  0.0472879  0.02086231 0.75938804]]

    score:0.8107
    sparsity:1.0000
    train_time:26.7324
    test_time:0.1466
Session is closed.
MNIST classification starts: 564.1985
best model trained: 34.4940
test done: 0.1803
Normalized confusion matrix
[[0.91943128 0.         0.00829384 0.00947867 0.0035545  0.01895735
  0.02843602 0.0035545  0.00473934 0.0035545 ]
 [0.         0.95412844 0.00407747 0.01223242 0.00101937 0.00101937
  0.00611621 0.00101937 0.02038736 0.        ]
 [0.0099889  0.01220866 0.78246393 0.06659267 0.02330744 0.00554939
  0.02663707 0.03107658 0.03884573 0.00332963]
 [0.00802752 0.00802752 0.01261468 0.88073394 0.00229358 0.02981651
  0.00344037 0.01949541 0.02637615 0.00917431]
 [0.         0.00933489 0.01166861 0.00116686 0.84830805 0.01166861
  0.02333722 0.00933489 0.00583431 0.07934656]
 [0.01156812 0.00642674 0.01156812 0.06940874 0.02570694 0.76735219
  0.02442159 0.01928021 0.04755784 0.01670951]
 [0.01701094 0.0072904  0.03888214 0.00486027 0.01579587 0.03159174
  0.84933171 0.02308627 0.01215067 0.        ]
 [0.00794552 0.04426788 0.0215664  0.01475596 0.01702611 0.00681044
  0.01021566 0.79001135 0.00681044 0.08059024]
 [0.01062574 0.0188902  0.01180638 0.0566706  0.01180638 0.04250295
  0.00826446 0.01180638 0.77922078 0.04840614]
 [0.00793651 0.01020408 0.00907029 0.02040816 0.04421769 0.01020408
  0.00113379 0.02947846 0.00680272 0.86054422]]

    score:0.8450
    sparsity:1.0000
    train_time:34.4940
    test_time:0.1803
Session is closed.
MNIST classification starts: 599.8343
best model trained: 41.2278
test done: 0.2391
Normalized confusion matrix
[[9.48979592e-01 0.00000000e+00 4.08163265e-03 5.10204082e-03
  3.06122449e-03 1.53061224e-02 1.42857143e-02 5.10204082e-03
  3.06122449e-03 1.02040816e-03]
 [0.00000000e+00 9.64757709e-01 2.64317181e-03 2.64317181e-03
  8.81057269e-04 4.40528634e-03 5.28634361e-03 1.76211454e-03
  1.76211454e-02 0.00000000e+00]
 [1.64728682e-02 7.75193798e-03 7.91666667e-01 5.23255814e-02
  1.45348837e-02 4.84496124e-03 2.71317829e-02 2.90697674e-02
  4.94186047e-02 6.78294574e-03]
 [3.96039604e-03 1.98019802e-03 2.77227723e-02 8.32673267e-01
  3.96039604e-03 4.35643564e-02 5.94059406e-03 3.16831683e-02
  3.36633663e-02 1.48514851e-02]
 [1.01832994e-03 1.12016293e-02 1.12016293e-02 3.05498982e-03
  8.94093686e-01 1.01832994e-03 1.42566191e-02 1.01832994e-02
  8.14663951e-03 4.58248473e-02]
 [2.01793722e-02 8.96860987e-03 1.23318386e-02 5.82959641e-02
  2.80269058e-02 7.76905830e-01 1.90582960e-02 4.03587444e-02
  2.69058296e-02 8.96860987e-03]
 [1.87891441e-02 6.26304802e-03 3.02713987e-02 7.30688935e-03
  1.04384134e-02 2.92275574e-02 8.78914405e-01 5.21920668e-03
  1.04384134e-02 3.13152401e-03]
 [2.91828794e-03 2.23735409e-02 2.82101167e-02 1.45914397e-02
  9.72762646e-03 1.16731518e-02 1.94552529e-03 8.72568093e-01
  5.83657588e-03 3.01556420e-02]
 [8.21355236e-03 1.43737166e-02 2.56673511e-02 4.31211499e-02
  2.87474333e-02 3.79876797e-02 1.12936345e-02 1.64271047e-02
  7.88501027e-01 2.56673511e-02]
 [1.38751239e-02 7.92864222e-03 1.09018831e-02 1.09018831e-02
  7.63131814e-02 1.58572844e-02 1.98216056e-03 4.55896928e-02
  2.97324083e-03 8.13676908e-01]]

    score:0.8582
    sparsity:1.0000
    train_time:41.2278
    test_time:0.2391
Session is closed.
MNIST classification starts: 642.2396
best model trained: 49.0061
test done: 0.2363
Normalized confusion matrix
[[0.92959184 0.00102041 0.00816327 0.00510204 0.00612245 0.02040816
  0.01836735 0.00306122 0.00714286 0.00102041]
 [0.         0.97356828 0.00528634 0.00352423 0.         0.00440529
  0.00176211 0.         0.01145374 0.        ]
 [0.00678295 0.01647287 0.84108527 0.02616279 0.02228682 0.00775194
  0.01647287 0.02616279 0.03488372 0.00193798]
 [0.0039604  0.01188119 0.05049505 0.82079208 0.0019802  0.03960396
  0.00792079 0.02178218 0.02673267 0.01485149]
 [0.00203666 0.01120163 0.01221996 0.00305499 0.88594705 0.00916497
  0.0101833  0.01425662 0.01120163 0.0407332 ]
 [0.01569507 0.01793722 0.01008969 0.03363229 0.02242152 0.82511211
  0.0190583  0.01457399 0.02914798 0.01233184]
 [0.01983299 0.00730689 0.02192067 0.00521921 0.01670146 0.03549061
  0.86430063 0.02400835 0.00104384 0.00417537]
 [0.00194553 0.02529183 0.02529183 0.00972763 0.0155642  0.00680934
  0.00486381 0.8618677  0.00291829 0.04571984]
 [0.01026694 0.01540041 0.01848049 0.0349076  0.01540041 0.06365503
  0.00924025 0.01848049 0.80082136 0.01334702]
 [0.0099108  0.00891972 0.00693756 0.01387512 0.07433102 0.01090188
  0.00297324 0.05450942 0.00693756 0.81070367]]

    score:0.8631
    sparsity:1.0000
    train_time:49.0061
    test_time:0.2363
Session is closed.
MNIST classification starts: 692.4499
best model trained: 56.3356
test done: 0.2544
Normalized confusion matrix
[[9.47959184e-01 0.00000000e+00 5.10204082e-03 6.12244898e-03
  3.06122449e-03 1.22448980e-02 1.42857143e-02 4.08163265e-03
  6.12244898e-03 1.02040816e-03]
 [0.00000000e+00 9.72687225e-01 3.52422907e-03 1.76211454e-03
  0.00000000e+00 2.64317181e-03 2.64317181e-03 8.81057269e-04
  1.58590308e-02 0.00000000e+00]
 [1.06589147e-02 9.68992248e-03 7.96511628e-01 3.29457364e-02
  2.13178295e-02 8.72093023e-03 2.61627907e-02 2.90697674e-02
  6.00775194e-02 4.84496124e-03]
 [4.95049505e-03 1.98019802e-03 2.57425743e-02 8.59405941e-01
  2.97029703e-03 3.96039604e-02 4.95049505e-03 2.97029703e-02
  2.27722772e-02 7.92079208e-03]
 [3.05498982e-03 1.01832994e-02 1.12016293e-02 0.00000000e+00
  8.68635438e-01 2.03665988e-03 2.44399185e-02 1.93482688e-02
  1.32382892e-02 4.78615071e-02]
 [1.12107623e-02 5.60538117e-03 2.01793722e-02 5.38116592e-02
  1.34529148e-02 8.07174888e-01 1.90582960e-02 1.79372197e-02
  3.92376682e-02 1.23318386e-02]
 [1.46137787e-02 8.35073069e-03 1.56576200e-02 8.35073069e-03
  1.46137787e-02 2.19206681e-02 8.88308977e-01 1.87891441e-02
  7.30688935e-03 2.08768267e-03]
 [9.72762646e-04 2.23735409e-02 2.14007782e-02 1.16731518e-02
  1.07003891e-02 2.91828794e-03 5.83657588e-03 8.84241245e-01
  7.78210117e-03 3.21011673e-02]
 [1.84804928e-02 1.95071869e-02 1.54004107e-02 2.05338809e-02
  1.23203285e-02 3.08008214e-02 1.02669405e-02 2.05338809e-02
  8.34702259e-01 1.74537988e-02]
 [8.91972250e-03 7.92864222e-03 8.91972250e-03 1.88305253e-02
  4.36075322e-02 1.28840436e-02 7.92864222e-03 5.35183350e-02
  1.18929633e-02 8.25569871e-01]]

    score:0.8702
    sparsity:1.0000
    train_time:56.3356
    test_time:0.2544
Session is closed.
MNIST classification starts: 750.2370
best model trained: 64.4394
test done: 0.2592
Normalized confusion matrix
[[9.34693878e-01 0.00000000e+00 9.18367347e-03 7.14285714e-03
  1.02040816e-03 1.63265306e-02 1.93877551e-02 3.06122449e-03
  8.16326531e-03 1.02040816e-03]
 [0.00000000e+00 9.70925110e-01 4.40528634e-03 0.00000000e+00
  0.00000000e+00 8.81057269e-04 4.40528634e-03 0.00000000e+00
  1.85022026e-02 8.81057269e-04]
 [8.72093023e-03 1.35658915e-02 8.11046512e-01 3.19767442e-02
  1.35658915e-02 1.93798450e-03 2.51937984e-02 2.42248062e-02
  6.20155039e-02 7.75193798e-03]
 [5.94059406e-03 5.94059406e-03 2.87128713e-02 8.34653465e-01
  2.97029703e-03 2.67326733e-02 1.38613861e-02 3.16831683e-02
  3.26732673e-02 1.68316832e-02]
 [1.01832994e-03 8.14663951e-03 6.10997963e-03 3.05498982e-03
  8.63543788e-01 3.05498982e-03 1.62932790e-02 6.10997963e-03
  1.83299389e-02 7.43380855e-02]
 [1.45739910e-02 7.84753363e-03 1.34529148e-02 5.38116592e-02
  1.90582960e-02 7.63452915e-01 3.02690583e-02 2.01793722e-02
  5.71748879e-02 2.01793722e-02]
 [1.77453027e-02 8.35073069e-03 2.19206681e-02 8.35073069e-03
  5.21920668e-03 2.19206681e-02 8.79958246e-01 1.77453027e-02
  1.25260960e-02 6.26304802e-03]
 [3.89105058e-03 2.14007782e-02 2.04280156e-02 1.16731518e-02
  1.36186770e-02 3.89105058e-03 7.78210117e-03 8.57976654e-01
  5.83657588e-03 5.35019455e-02]
 [8.21355236e-03 1.12936345e-02 1.43737166e-02 3.38809035e-02
  1.23203285e-02 2.87474333e-02 1.02669405e-02 1.43737166e-02
  8.54209446e-01 1.23203285e-02]
 [6.93756194e-03 1.18929633e-02 6.93756194e-03 1.18929633e-02
  3.46878097e-02 6.93756194e-03 9.91080278e-04 3.56788900e-02
  1.09018831e-02 8.73141724e-01]]

    score:0.8665
    sparsity:1.0000
    train_time:64.4394
    test_time:0.2592
Session is closed.
MNIST classification starts: 815.9313
best model trained: 71.6266
test done: 0.2748
Normalized confusion matrix
[[9.39795918e-01 0.00000000e+00 9.18367347e-03 3.06122449e-03
  2.04081633e-03 1.53061224e-02 1.73469388e-02 6.12244898e-03
  7.14285714e-03 0.00000000e+00]
 [0.00000000e+00 9.63876652e-01 3.52422907e-03 0.00000000e+00
  1.76211454e-03 8.81057269e-03 3.52422907e-03 8.81057269e-04
  1.76211454e-02 0.00000000e+00]
 [1.55038760e-02 9.68992248e-03 8.16860465e-01 2.61627907e-02
  2.03488372e-02 1.35658915e-02 2.42248062e-02 2.81007752e-02
  4.26356589e-02 2.90697674e-03]
 [6.93069307e-03 4.95049505e-03 3.36633663e-02 8.56435644e-01
  9.90099010e-04 3.26732673e-02 4.95049505e-03 1.88118812e-02
  2.87128713e-02 1.18811881e-02]
 [5.09164969e-03 1.01832994e-02 8.14663951e-03 2.03665988e-03
  9.00203666e-01 5.09164969e-03 1.22199593e-02 3.05498982e-03
  1.12016293e-02 4.27698574e-02]
 [8.96860987e-03 4.48430493e-03 1.68161435e-02 3.92376682e-02
  2.01793722e-02 8.27354260e-01 2.24215247e-02 1.56950673e-02
  3.13901345e-02 1.34529148e-02]
 [1.56576200e-02 6.26304802e-03 1.35699374e-02 4.17536534e-03
  2.08768267e-02 2.60960334e-02 9.00835073e-01 4.17536534e-03
  4.17536534e-03 4.17536534e-03]
 [1.94552529e-03 1.55642023e-02 2.82101167e-02 5.83657588e-03
  1.07003891e-02 7.78210117e-03 1.16731518e-02 8.58949416e-01
  7.78210117e-03 5.15564202e-02]
 [6.16016427e-03 7.18685832e-03 1.64271047e-02 2.87474333e-02
  1.64271047e-02 3.59342916e-02 1.12936345e-02 1.64271047e-02
  8.36755647e-01 2.46406571e-02]
 [7.92864222e-03 6.93756194e-03 5.94648167e-03 1.09018831e-02
  5.05450942e-02 1.09018831e-02 5.94648167e-03 5.15361744e-02
  1.48662042e-02 8.34489594e-01]]

    score:0.8748
    sparsity:1.0000
    train_time:71.6266
    test_time:0.2748
Session is closed.
MNIST classification starts: 888.8201
best model trained: 79.3575
test done: 0.2765
Normalized confusion matrix
[[9.45918367e-01 0.00000000e+00 7.14285714e-03 4.08163265e-03
  2.04081633e-03 2.04081633e-02 1.42857143e-02 1.02040816e-03
  5.10204082e-03 0.00000000e+00]
 [0.00000000e+00 9.75330396e-01 3.52422907e-03 4.40528634e-03
  8.81057269e-04 2.64317181e-03 4.40528634e-03 0.00000000e+00
  8.81057269e-03 0.00000000e+00]
 [1.25968992e-02 7.75193798e-03 8.53682171e-01 2.51937984e-02
  1.16279070e-02 4.84496124e-03 2.51937984e-02 1.64728682e-02
  3.77906977e-02 4.84496124e-03]
 [5.94059406e-03 8.91089109e-03 3.06930693e-02 8.51485149e-01
  9.90099010e-04 4.35643564e-02 7.92079208e-03 1.48514851e-02
  2.77227723e-02 7.92079208e-03]
 [2.03665988e-03 7.12830957e-03 7.12830957e-03 4.07331976e-03
  8.99185336e-01 7.12830957e-03 1.62932790e-02 1.01832994e-02
  3.05498982e-03 4.37881874e-02]
 [7.84753363e-03 7.84753363e-03 6.72645740e-03 3.69955157e-02
  1.34529148e-02 8.48654709e-01 2.46636771e-02 1.90582960e-02
  2.24215247e-02 1.23318386e-02]
 [1.46137787e-02 5.21920668e-03 1.87891441e-02 7.30688935e-03
  1.35699374e-02 2.19206681e-02 9.00835073e-01 1.04384134e-02
  3.13152401e-03 4.17536534e-03]
 [2.91828794e-03 2.14007782e-02 3.50194553e-02 1.07003891e-02
  9.72762646e-03 7.78210117e-03 6.80933852e-03 8.55058366e-01
  2.91828794e-03 4.76653696e-02]
 [1.54004107e-02 1.02669405e-02 9.24024641e-03 2.87474333e-02
  1.33470226e-02 4.41478439e-02 1.02669405e-02 1.84804928e-02
  8.37782341e-01 1.23203285e-02]
 [1.28840436e-02 8.91972250e-03 7.92864222e-03 9.91080278e-03
  4.65807730e-02 9.91080278e-03 3.96432111e-03 3.36967294e-02
  1.09018831e-02 8.55302279e-01]]

    score:0.8836
    sparsity:1.0000
    train_time:79.3575
    test_time:0.2765
Session is closed.
