nyx7015
2018-07-15 14:12:23.817295: W tensorflow/core/platform/cpu_feature_guard.cc:45] The TensorFlow library wasn't compiled to use SSE4.1 instructions, but these are available on your machine and could speed up CPU computations.
2018-07-15 14:12:23.817418: W tensorflow/core/platform/cpu_feature_guard.cc:45] The TensorFlow library wasn't compiled to use SSE4.2 instructions, but these are available on your machine and could speed up CPU computations.
2018-07-15 14:12:23.817431: W tensorflow/core/platform/cpu_feature_guard.cc:45] The TensorFlow library wasn't compiled to use AVX instructions, but these are available on your machine and could speed up CPU computations.
2018-07-15 14:12:23.817440: W tensorflow/core/platform/cpu_feature_guard.cc:45] The TensorFlow library wasn't compiled to use AVX2 instructions, but these are available on your machine and could speed up CPU computations.
2018-07-15 14:12:23.817448: W tensorflow/core/platform/cpu_feature_guard.cc:45] The TensorFlow library wasn't compiled to use FMA instructions, but these are available on your machine and could speed up CPU computations.
MNIST classification starts: 2.9730
best model trained: 9.8324
test done: 0.0141
Normalized confusion matrix
[[0.51724138 0.         0.         0.         0.27586207 0.
  0.03448276 0.13793103 0.03448276 0.        ]
 [0.         0.97826087 0.         0.         0.02173913 0.
  0.         0.         0.         0.        ]
 [0.13157895 0.18421053 0.18421053 0.         0.10526316 0.07894737
  0.13157895 0.07894737 0.10526316 0.        ]
 [0.         0.46428571 0.         0.14285714 0.         0.03571429
  0.07142857 0.25       0.03571429 0.        ]
 [0.02439024 0.19512195 0.         0.02439024 0.43902439 0.07317073
  0.04878049 0.12195122 0.02439024 0.04878049]
 [0.03225806 0.19354839 0.         0.         0.09677419 0.29032258
  0.03225806 0.19354839 0.09677419 0.06451613]
 [0.28       0.         0.04       0.         0.04       0.2
  0.36       0.         0.04       0.04      ]
 [0.02702703 0.08108108 0.02702703 0.05405405 0.         0.16216216
  0.02702703 0.40540541 0.16216216 0.05405405]
 [0.         0.23809524 0.0952381  0.         0.         0.0952381
  0.0952381  0.         0.42857143 0.04761905]
 [0.         0.13513514 0.         0.         0.13513514 0.08108108
  0.05405405 0.16216216 0.13513514 0.2972973 ]]

    score:0.4264
    sparsity:0.4894
    train_time:9.8324
    test_time:0.0141
Session is closed.
MNIST classification starts: 13.9695
best model trained: 7.1505
test done: 0.0403
Normalized confusion matrix
[[0.80571429 0.         0.01714286 0.01714286 0.02285714 0.04571429
  0.05714286 0.00571429 0.00571429 0.02285714]
 [0.         0.95299145 0.         0.0042735  0.00854701 0.01282051
  0.0042735  0.         0.01709402 0.        ]
 [0.03652968 0.05479452 0.51141553 0.10045662 0.01826484 0.00913242
  0.10045662 0.05936073 0.07762557 0.03196347]
 [0.01449275 0.01449275 0.         0.77777778 0.02415459 0.04830918
  0.02415459 0.04347826 0.02898551 0.02415459]
 [0.00460829 0.02764977 0.00460829 0.00921659 0.79262673 0.01843318
  0.03225806 0.03225806 0.00460829 0.07373272]
 [0.02234637 0.         0.01117318 0.24022346 0.08379888 0.43575419
  0.02793296 0.03910615 0.08379888 0.05586592]
 [0.03370787 0.01685393 0.07865169 0.         0.07303371 0.02808989
  0.74719101 0.         0.00561798 0.01685393]
 [0.         0.07804878 0.0097561  0.0097561  0.07804878 0.00487805
  0.01463415 0.62926829 0.02439024 0.15121951]
 [0.01041667 0.05729167 0.02083333 0.20833333 0.08854167 0.015625
  0.01041667 0.03125    0.47395833 0.08333333]
 [0.00515464 0.01030928 0.01030928 0.0257732  0.1185567  0.02061856
  0.01030928 0.06701031 0.02061856 0.71134021]]

    score:0.6890
    sparsity:0.4934
    train_time:7.1505
    test_time:0.0403
Session is closed.
MNIST classification starts: 22.0017
best model trained: 13.1949
test done: 0.0758
Normalized confusion matrix
[[0.90207715 0.         0.00296736 0.00593472 0.00593472 0.01186944
  0.03264095 0.         0.02373887 0.0148368 ]
 [0.         0.95192308 0.00480769 0.01682692 0.00480769 0.00240385
  0.00961538 0.         0.00961538 0.        ]
 [0.02356021 0.04973822 0.59424084 0.08900524 0.0052356  0.0078534
  0.06282723 0.03403141 0.11780105 0.01570681]
 [0.00795756 0.01591512 0.01061008 0.78514589 0.00795756 0.0397878
  0.0265252  0.03183024 0.0397878  0.03448276]
 [0.01278772 0.00767263 0.00255754 0.01023018 0.73913043 0.01278772
  0.01023018 0.02046036 0.02557545 0.15856777]
 [0.0504451  0.02077151 0.00593472 0.1305638  0.04451039 0.49554896
  0.0504451  0.04154303 0.07715134 0.08308605]
 [0.04057971 0.03188406 0.06956522 0.02028986 0.0115942  0.02608696
  0.76231884 0.0057971  0.02028986 0.0115942 ]
 [0.02077922 0.05714286 0.01298701 0.01818182 0.02077922 0.00779221
  0.01038961 0.66233766 0.02337662 0.16623377]
 [0.01428571 0.04571429 0.03428571 0.08       0.03142857 0.04
  0.00571429 0.02       0.67428571 0.05428571]
 [0.00867052 0.01445087 0.00578035 0.02023121 0.07225434 0.00867052
  0.00289017 0.06069364 0.01445087 0.79190751]]

    score:0.7384
    sparsity:0.4993
    train_time:13.1949
    test_time:0.0758
Session is closed.
MNIST classification starts: 36.1661
best model trained: 19.9235
test done: 0.1161
Normalized confusion matrix
[[0.84879032 0.         0.0141129  0.02016129 0.         0.04637097
  0.04637097 0.01209677 0.01008065 0.00201613]
 [0.         0.96557377 0.00163934 0.00491803 0.00163934 0.00819672
  0.00655738 0.00163934 0.00983607 0.        ]
 [0.00894454 0.02683363 0.70661896 0.09838998 0.00536673 0.00715564
  0.05008945 0.03935599 0.05545617 0.00178891]
 [0.00375235 0.03001876 0.01876173 0.75609756 0.00562852 0.0956848
  0.01313321 0.03377111 0.02626642 0.01688555]
 [0.00373134 0.01119403 0.01119403 0.01492537 0.76119403 0.02238806
  0.03171642 0.01119403 0.00373134 0.12873134]
 [0.01659751 0.01244813 0.01037344 0.07883817 0.02489627 0.66182573
  0.02489627 0.04356846 0.09128631 0.03526971]
 [0.02626263 0.02020202 0.02424242 0.00808081 0.01010101 0.04848485
  0.83030303 0.01212121 0.01818182 0.0020202 ]
 [0.00732601 0.04945055 0.02930403 0.02930403 0.01282051 0.01282051
  0.01098901 0.77106227 0.01098901 0.06593407]
 [0.00961538 0.03846154 0.01153846 0.05769231 0.01538462 0.06153846
  0.01346154 0.03846154 0.72115385 0.03269231]
 [0.00359712 0.01798561 0.01079137 0.02158273 0.05935252 0.00899281
  0.00179856 0.03417266 0.02877698 0.81294964]]

    score:0.7864
    sparsity:0.4959
    train_time:19.9235
    test_time:0.1161
Session is closed.
MNIST classification starts: 57.0637
best model trained: 26.0799
test done: 0.1399
Normalized confusion matrix
[[0.91369048 0.         0.00446429 0.00744048 0.0014881  0.02083333
  0.02529762 0.00744048 0.01488095 0.00446429]
 [0.         0.9672956  0.00377358 0.00377358 0.00125786 0.00377358
  0.01132075 0.         0.00880503 0.        ]
 [0.01234568 0.02880658 0.76817558 0.03155007 0.01508916 0.00411523
  0.03703704 0.03703704 0.05761317 0.00823045]
 [0.01139601 0.01282051 0.01994302 0.82193732 0.00712251 0.04273504
  0.01424501 0.02849003 0.02421652 0.01709402]
 [0.00571429 0.01571429 0.00571429 0.01       0.83142857 0.00571429
  0.01857143 0.00714286 0.00571429 0.09428571]
 [0.02369668 0.00789889 0.01263823 0.06793049 0.04423381 0.69194313
  0.03159558 0.03317536 0.0600316  0.02685624]
 [0.02743902 0.01676829 0.02743902 0.00609756 0.02743902 0.02591463
  0.84603659 0.01371951 0.00762195 0.00152439]
 [0.00140449 0.05196629 0.01544944 0.01404494 0.0252809  0.00140449
  0.00561798 0.80337079 0.00842697 0.07303371]
 [0.01026393 0.04105572 0.01466276 0.05278592 0.04252199 0.04398827
  0.01759531 0.01173021 0.72580645 0.03958944]
 [0.00834492 0.01112656 0.01808067 0.00834492 0.08901252 0.00973574
  0.00278164 0.03894298 0.01529903 0.79833102]]

    score:0.8194
    sparsity:0.5042
    train_time:26.0799
    test_time:0.1399
Session is closed.
MNIST classification starts: 84.3317
best model trained: 33.4390
test done: 0.2036
Normalized confusion matrix
[[0.92890995 0.         0.00236967 0.01066351 0.0035545  0.00947867
  0.02725118 0.0035545  0.01184834 0.00236967]
 [0.         0.95718654 0.0030581  0.0030581  0.         0.0030581
  0.00509684 0.         0.0285423  0.        ]
 [0.01442841 0.00776915 0.78579356 0.06326304 0.0099889  0.
  0.02774695 0.01886792 0.06215316 0.0099889 ]
 [0.00917431 0.00802752 0.02293578 0.80619266 0.00229358 0.05619266
  0.00802752 0.0309633  0.03325688 0.02293578]
 [0.01166861 0.01516919 0.01400233 0.00583431 0.76546091 0.00350058
  0.02567095 0.01050175 0.0210035  0.12718786]
 [0.01799486 0.00771208 0.00771208 0.05269923 0.01928021 0.7596401
  0.03213368 0.01542416 0.05398458 0.03341902]
 [0.02430134 0.00850547 0.0145808  0.00243013 0.0145808  0.018226
  0.90157959 0.0072904  0.00850547 0.        ]
 [0.00227015 0.01816118 0.02383655 0.00908059 0.01021566 0.00113507
  0.00794552 0.8354143  0.01021566 0.08172531]
 [0.01652893 0.01770956 0.0188902  0.0377804  0.01770956 0.02597403
  0.02007084 0.01180638 0.80165289 0.03187721]
 [0.01247166 0.00793651 0.00793651 0.01927438 0.03401361 0.01247166
  0.00226757 0.03287982 0.01020408 0.86054422]]

    score:0.8420
    sparsity:0.5005
    train_time:33.4390
    test_time:0.2036
Session is closed.
MNIST classification starts: 118.8756
best model trained: 39.7452
test done: 0.2207
Normalized confusion matrix
[[0.93163265 0.         0.00510204 0.01020408 0.00408163 0.01326531
  0.02244898 0.00306122 0.00816327 0.00204082]
 [0.         0.97356828 0.00440529 0.00264317 0.00352423 0.00264317
  0.00440529 0.         0.00881057 0.        ]
 [0.01356589 0.00678295 0.80329457 0.03875969 0.01937984 0.00484496
  0.03100775 0.01937984 0.0503876  0.0125969 ]
 [0.00891089 0.00693069 0.01683168 0.84752475 0.0009901  0.04653465
  0.0039604  0.02673267 0.02970297 0.01188119]
 [0.00610998 0.01731161 0.00610998 0.00610998 0.85845214 0.00407332
  0.02545825 0.00509165 0.02240326 0.04887984]
 [0.01793722 0.01121076 0.0044843  0.05493274 0.0190583  0.78587444
  0.02690583 0.01681614 0.03699552 0.02578475]
 [0.02296451 0.00730689 0.00939457 0.00626305 0.01356994 0.01565762
  0.91231733 0.00208768 0.01043841 0.        ]
 [0.00194553 0.02529183 0.0155642  0.0155642  0.01750973 0.0077821
  0.00486381 0.84143969 0.00583658 0.06420233]
 [0.01334702 0.01437372 0.00616016 0.02669405 0.01437372 0.04106776
  0.01232033 0.00718686 0.84291581 0.02156057]
 [0.00792864 0.0099108  0.00594648 0.01387512 0.04955401 0.00891972
  0.00297324 0.03270565 0.00792864 0.86025768]]

    score:0.8675
    sparsity:0.4993
    train_time:39.7452
    test_time:0.2207
Session is closed.
MNIST classification starts: 159.7323
best model trained: 47.3542
test done: 0.2288
Normalized confusion matrix
[[0.93979592 0.         0.00816327 0.00510204 0.00204082 0.0122449
  0.01938776 0.00510204 0.00714286 0.00102041]
 [0.         0.96740088 0.0061674  0.00176211 0.         0.00264317
  0.00352423 0.         0.0185022  0.        ]
 [0.00968992 0.01065891 0.83430233 0.03391473 0.01937984 0.00581395
  0.0251938  0.01841085 0.03875969 0.00387597]
 [0.00891089 0.01089109 0.02970297 0.82475248 0.00792079 0.04455446
  0.00792079 0.02277228 0.02673267 0.01584158]
 [0.00305499 0.00712831 0.00916497 0.00203666 0.88187373 0.
  0.01527495 0.00509165 0.01221996 0.06415479]
 [0.01121076 0.01793722 0.01233184 0.03923767 0.01457399 0.79820628
  0.02578475 0.01121076 0.04932735 0.02017937]
 [0.01356994 0.00835073 0.01148225 0.00208768 0.01356994 0.02296451
  0.91336117 0.00626305 0.00730689 0.00104384]
 [0.00291829 0.03404669 0.02821012 0.01167315 0.01459144 0.00194553
  0.00389105 0.84922179 0.00486381 0.04863813]
 [0.00513347 0.01334702 0.01026694 0.03901437 0.02258727 0.0338809
  0.00821355 0.01026694 0.82238193 0.0349076 ]
 [0.01288404 0.00792864 0.0049554  0.01090188 0.05252725 0.0099108
  0.         0.03964321 0.00891972 0.85232904]]

    score:0.8700
    sparsity:0.4986
    train_time:47.3542
    test_time:0.2288
Session is closed.
MNIST classification starts: 208.2234
best model trained: 54.0940
test done: 0.2643
Normalized confusion matrix
[[9.45918367e-01 0.00000000e+00 7.14285714e-03 2.04081633e-03
  1.02040816e-03 1.73469388e-02 1.32653061e-02 3.06122449e-03
  9.18367347e-03 1.02040816e-03]
 [0.00000000e+00 9.67400881e-01 4.40528634e-03 4.40528634e-03
  1.76211454e-03 8.81057269e-04 5.28634361e-03 8.81057269e-04
  1.49779736e-02 0.00000000e+00]
 [1.16279070e-02 7.75193798e-03 8.41085271e-01 3.10077519e-02
  1.74418605e-02 5.81395349e-03 1.64728682e-02 1.74418605e-02
  4.84496124e-02 2.90697674e-03]
 [1.98019802e-03 2.97029703e-03 1.48514851e-02 8.90099010e-01
  1.98019802e-03 3.26732673e-02 2.97029703e-03 2.07920792e-02
  2.47524752e-02 6.93069307e-03]
 [3.05498982e-03 1.01832994e-02 8.14663951e-03 2.03665988e-03
  9.19551935e-01 2.03665988e-03 1.22199593e-02 7.12830957e-03
  8.14663951e-03 2.74949084e-02]
 [1.56950673e-02 8.96860987e-03 3.36322870e-03 5.82959641e-02
  2.01793722e-02 7.83632287e-01 3.13901345e-02 2.24215247e-02
  4.59641256e-02 1.00896861e-02]
 [6.26304802e-03 7.30688935e-03 1.35699374e-02 4.17536534e-03
  1.35699374e-02 2.08768267e-02 9.22755741e-01 2.08768267e-03
  7.30688935e-03 2.08768267e-03]
 [1.94552529e-03 2.52918288e-02 2.14007782e-02 9.72762646e-03
  2.23735409e-02 1.94552529e-03 3.89105058e-03 8.77431907e-01
  3.89105058e-03 3.21011673e-02]
 [8.21355236e-03 2.25872690e-02 1.95071869e-02 5.54414784e-02
  2.56673511e-02 3.59342916e-02 1.54004107e-02 1.43737166e-02
  7.82340862e-01 2.05338809e-02]
 [1.28840436e-02 1.18929633e-02 5.94648167e-03 1.58572844e-02
  8.52329039e-02 6.93756194e-03 0.00000000e+00 4.65807730e-02
  1.18929633e-02 8.02775025e-01]]

    score:0.8752
    sparsity:0.4987
    train_time:54.0940
    test_time:0.2643
Session is closed.
MNIST classification starts: 263.6705
best model trained: 61.5945
test done: 0.2582
Normalized confusion matrix
[[0.95306122 0.         0.00510204 0.00510204 0.00204082 0.01428571
  0.01020408 0.00306122 0.00714286 0.        ]
 [0.         0.97621145 0.00352423 0.00528634 0.00176211 0.00176211
  0.00352423 0.         0.00792952 0.        ]
 [0.01356589 0.01453488 0.82170543 0.03585271 0.01744186 0.00484496
  0.01937984 0.02034884 0.04360465 0.00872093]
 [0.0009901  0.0049505  0.02376238 0.87227723 0.0039604  0.02376238
  0.00594059 0.01485149 0.03267327 0.01683168]
 [0.         0.00509165 0.00916497 0.00305499 0.87780041 0.00203666
  0.01425662 0.00814664 0.00916497 0.0712831 ]
 [0.01233184 0.00560538 0.00784753 0.05941704 0.02466368 0.80269058
  0.0235426  0.01681614 0.02914798 0.01793722]
 [0.01043841 0.00313152 0.01983299 0.00313152 0.01461378 0.02087683
  0.91962422 0.00208768 0.00626305 0.        ]
 [0.00389105 0.02529183 0.01750973 0.00583658 0.01361868 0.00389105
  0.00194553 0.85505837 0.00583658 0.06712062]
 [0.01540041 0.01437372 0.0174538  0.03901437 0.0164271  0.03593429
  0.01334702 0.01232033 0.80903491 0.02669405]
 [0.01189296 0.00891972 0.0049554  0.01090188 0.05351833 0.00792864
  0.00297324 0.02675917 0.00693756 0.86521308]]

    score:0.8770
    sparsity:0.5027
    train_time:61.5945
    test_time:0.2582
Session is closed.
MNIST classification starts: 326.4379
best model trained: 69.1811
test done: 0.2792
Normalized confusion matrix
[[0.94897959 0.         0.         0.00306122 0.00306122 0.02244898
  0.01326531 0.00102041 0.00714286 0.00102041]
 [0.         0.97709251 0.00176211 0.00528634 0.         0.00264317
  0.00264317 0.         0.01057269 0.        ]
 [0.01356589 0.01453488 0.81782946 0.03682171 0.01453488 0.00387597
  0.02616279 0.02616279 0.04166667 0.00484496]
 [0.0019802  0.0009901  0.01584158 0.88118812 0.0029703  0.04653465
  0.0009901  0.01584158 0.02277228 0.01089109]
 [0.00203666 0.00610998 0.01221996 0.00610998 0.86863544 0.00916497
  0.01832994 0.00814664 0.01527495 0.05397149]
 [0.00784753 0.00560538 0.00672646 0.02914798 0.01793722 0.84304933
  0.0190583  0.02017937 0.03251121 0.01793722]
 [0.01356994 0.00417537 0.01461378 0.00104384 0.01043841 0.02296451
  0.92484342 0.00313152 0.00417537 0.00104384]
 [0.00291829 0.02431907 0.01750973 0.01070039 0.00680934 0.00291829
  0.00194553 0.8881323  0.00680934 0.03793774]
 [0.00718686 0.01232033 0.01026694 0.04312115 0.01232033 0.05544148
  0.01540041 0.01540041 0.80390144 0.02464066]
 [0.0148662  0.00594648 0.00594648 0.01288404 0.04955401 0.02279485
  0.00198216 0.04360753 0.00891972 0.83349851]]

    score:0.8801
    sparsity:0.5000
    train_time:69.1811
    test_time:0.2792
Session is closed.
MNIST classification starts: 396.8381
best model trained: 75.3290
test done: 0.2944
Normalized confusion matrix
[[0.96530612 0.         0.00612245 0.00204082 0.         0.01122449
  0.00918367 0.00204082 0.00408163 0.        ]
 [0.         0.97268722 0.00440529 0.00440529 0.         0.00176211
  0.00264317 0.         0.01409692 0.        ]
 [0.01744186 0.00775194 0.84205426 0.0377907  0.01065891 0.00484496
  0.00968992 0.01937984 0.04554264 0.00484496]
 [0.0049505  0.00594059 0.02178218 0.87128713 0.0009901  0.02871287
  0.0019802  0.01782178 0.02871287 0.01782178]
 [0.00407332 0.0101833  0.00916497 0.00305499 0.89307536 0.00203666
  0.01731161 0.00203666 0.00916497 0.04989817]
 [0.0190583  0.00896861 0.00896861 0.06165919 0.02242152 0.80717489
  0.01457399 0.00896861 0.03475336 0.01345291]
 [0.0177453  0.00626305 0.01461378 0.00417537 0.0125261  0.01356994
  0.9217119  0.00104384 0.00626305 0.00208768]
 [0.00194553 0.02140078 0.02529183 0.00680934 0.0155642  0.
  0.         0.87743191 0.00291829 0.04863813]
 [0.01232033 0.00718686 0.0174538  0.03285421 0.0164271  0.0349076
  0.00718686 0.01232033 0.83572895 0.02361396]
 [0.01585728 0.0049554  0.00297324 0.01189296 0.04459861 0.00693756
  0.00198216 0.04261645 0.01189296 0.85629336]]

    score:0.8859
    sparsity:0.5009
    train_time:75.3290
    test_time:0.2944
Session is closed.
MNIST classification starts: 473.3933
best model trained: 1.2510
test done: 0.0112
Normalized confusion matrix
[[0.65517241 0.         0.13793103 0.         0.         0.03448276
  0.17241379 0.         0.         0.        ]
 [0.         0.89130435 0.         0.         0.         0.06521739
  0.         0.         0.04347826 0.        ]
 [0.05263158 0.10526316 0.31578947 0.36842105 0.         0.02631579
  0.05263158 0.02631579 0.02631579 0.02631579]
 [0.10714286 0.14285714 0.17857143 0.32142857 0.         0.17857143
  0.03571429 0.03571429 0.         0.        ]
 [0.09756098 0.14634146 0.14634146 0.09756098 0.02439024 0.14634146
  0.17073171 0.07317073 0.04878049 0.04878049]
 [0.09677419 0.12903226 0.09677419 0.19354839 0.         0.29032258
  0.03225806 0.03225806 0.06451613 0.06451613]
 [0.08       0.04       0.         0.12       0.04       0.08
  0.52       0.04       0.         0.08      ]
 [0.10810811 0.18918919 0.05405405 0.05405405 0.         0.02702703
  0.05405405 0.35135135 0.         0.16216216]
 [0.         0.28571429 0.14285714 0.0952381  0.         0.0952381
  0.         0.04761905 0.28571429 0.04761905]
 [0.         0.10810811 0.13513514 0.02702703 0.         0.02702703
  0.13513514 0.10810811 0.08108108 0.37837838]]

    score:0.4114
    sparsity:1.0000
    train_time:1.2510
    test_time:0.0112
Session is closed.
MNIST classification starts: 475.6844
best model trained: 7.1253
test done: 0.0386
Normalized confusion matrix
[[0.77142857 0.         0.02285714 0.00571429 0.02285714 0.01142857
  0.03428571 0.         0.12571429 0.00571429]
 [0.         0.97435897 0.0042735  0.00854701 0.         0.
  0.00854701 0.         0.0042735  0.        ]
 [0.04109589 0.04109589 0.57990868 0.03652968 0.02283105 0.02283105
  0.0456621  0.07305936 0.13242009 0.00456621]
 [0.00966184 0.04830918 0.05797101 0.62801932 0.04347826 0.06280193
  0.00483092 0.0531401  0.07246377 0.01932367]
 [0.         0.01382488 0.03225806 0.01382488 0.73732719 0.00921659
  0.03686636 0.03686636 0.02304147 0.09677419]
 [0.03351955 0.03351955 0.04469274 0.03910615 0.11731844 0.32402235
  0.05027933 0.08379888 0.25698324 0.01675978]
 [0.04494382 0.02808989 0.07303371 0.00561798 0.02808989 0.0505618
  0.71910112 0.01123596 0.03370787 0.00561798]
 [0.         0.07317073 0.04390244 0.00487805 0.05853659 0.01463415
  0.01463415 0.66341463 0.04390244 0.08292683]
 [0.015625   0.05729167 0.02083333 0.0625     0.10416667 0.02604167
  0.00520833 0.03125    0.64583333 0.03125   ]
 [0.00515464 0.01030928 0.01546392 0.01546392 0.27835052 0.00515464
  0.01546392 0.03608247 0.03608247 0.58247423]]

    score:0.6695
    sparsity:1.0000
    train_time:7.1253
    test_time:0.0386
Session is closed.
MNIST classification starts: 483.6875
best model trained: 13.0748
test done: 0.0597
Normalized confusion matrix
[[0.84866469 0.00296736 0.02670623 0.00296736 0.01780415 0.02077151
  0.04451039 0.         0.01780415 0.01780415]
 [0.         0.95192308 0.00721154 0.00480769 0.00721154 0.00721154
  0.00721154 0.00240385 0.00961538 0.00240385]
 [0.02094241 0.02879581 0.70942408 0.09685864 0.01570681 0.
  0.04973822 0.03141361 0.03664921 0.0104712 ]
 [0.00795756 0.02122016 0.06366048 0.77188329 0.01061008 0.03448276
  0.01591512 0.03448276 0.0132626  0.0265252 ]
 [0.01023018 0.01534527 0.04347826 0.01023018 0.76726343 0.01023018
  0.02046036 0.00767263 0.00767263 0.10741688]
 [0.03857567 0.02373887 0.03560831 0.08902077 0.0504451  0.52522255
  0.05637982 0.03857567 0.08011869 0.06231454]
 [0.05217391 0.01449275 0.07536232 0.03188406 0.02898551 0.00869565
  0.74202899 0.02318841 0.02028986 0.00289855]
 [0.01298701 0.06233766 0.05194805 0.02597403 0.01818182 0.0025974
  0.00779221 0.73766234 0.         0.08051948]
 [0.01714286 0.07142857 0.04571429 0.10857143 0.03714286 0.04285714
  0.02285714 0.03428571 0.56285714 0.05714286]
 [0.01445087 0.01734104 0.01445087 0.02601156 0.10404624 0.00289017
  0.00578035 0.04913295 0.01156069 0.75433526]]

    score:0.7417
    sparsity:1.0000
    train_time:13.0748
    test_time:0.0597
Session is closed.
MNIST classification starts: 497.6754
best model trained: 19.7544
test done: 0.0953
Normalized confusion matrix
[[0.87096774 0.         0.02217742 0.00604839 0.         0.03629032
  0.02217742 0.00604839 0.02822581 0.00806452]
 [0.         0.94918033 0.00655738 0.00655738 0.         0.00163934
  0.00655738 0.00163934 0.02786885 0.        ]
 [0.00894454 0.01431127 0.72271914 0.05545617 0.01252236 0.01252236
  0.05187835 0.03398927 0.0822898  0.00536673]
 [0.00187617 0.00562852 0.03939962 0.76547842 0.00187617 0.05628518
  0.01313321 0.03752345 0.0619137  0.01688555]
 [0.00186567 0.01679104 0.02425373 0.0130597  0.74067164 0.00932836
  0.02238806 0.03731343 0.02052239 0.11380597]
 [0.01659751 0.00414938 0.05394191 0.10580913 0.02074689 0.62448133
  0.01659751 0.0373444  0.08921162 0.03112033]
 [0.02222222 0.01818182 0.05656566 0.01414141 0.03636364 0.02424242
  0.78787879 0.00606061 0.03434343 0.        ]
 [0.01098901 0.06227106 0.02197802 0.01465201 0.02380952 0.00732601
  0.01098901 0.73260073 0.03296703 0.08241758]
 [0.00961538 0.01153846 0.02884615 0.06730769 0.01730769 0.025
  0.00384615 0.02307692 0.79038462 0.02307692]
 [0.00539568 0.01258993 0.00719424 0.02517986 0.05935252 0.00359712
  0.00899281 0.04676259 0.02338129 0.80755396]]

    score:0.7821
    sparsity:1.0000
    train_time:19.7544
    test_time:0.0953
Session is closed.
MNIST classification starts: 518.4066
best model trained: 26.4933
test done: 0.1450
Normalized confusion matrix
[[0.89583333 0.         0.00446429 0.00892857 0.0014881  0.03422619
  0.03571429 0.01190476 0.00595238 0.0014881 ]
 [0.         0.9672956  0.00628931 0.00377358 0.         0.00377358
  0.00628931 0.         0.01257862 0.        ]
 [0.01234568 0.02469136 0.71467764 0.05349794 0.01508916 0.01097394
  0.04801097 0.03978052 0.07407407 0.00685871]
 [0.0042735  0.00997151 0.02564103 0.7991453  0.0014245  0.06980057
  0.01566952 0.03276353 0.02849003 0.01282051]
 [0.00428571 0.00857143 0.00714286 0.01       0.79428571 0.01571429
  0.03571429 0.00857143 0.02142857 0.09428571]
 [0.01421801 0.00315956 0.01895735 0.05687204 0.02053712 0.75987362
  0.02369668 0.02685624 0.0600316  0.01579779]
 [0.02286585 0.01676829 0.05487805 0.00457317 0.01067073 0.02743902
  0.82926829 0.02591463 0.00457317 0.00304878]
 [0.00421348 0.03792135 0.04073034 0.00702247 0.00842697 0.00561798
  0.00702247 0.8005618  0.02247191 0.06601124]
 [0.00733138 0.02785924 0.01319648 0.05571848 0.01026393 0.0542522
  0.00879765 0.02492669 0.77272727 0.02492669]
 [0.01808067 0.01251739 0.01112656 0.02225313 0.06536857 0.01947149
  0.00973574 0.04311544 0.01808067 0.78025035]]

    score:0.8131
    sparsity:1.0000
    train_time:26.4933
    test_time:0.1450
Session is closed.
MNIST classification starts: 545.9267
best model trained: 33.6188
test done: 0.1979
Normalized confusion matrix
[[0.92890995 0.         0.00236967 0.00592417 0.007109   0.01895735
  0.02014218 0.01184834 0.0035545  0.00118483]
 [0.         0.96941896 0.00509684 0.00407747 0.         0.00713558
  0.00203874 0.00101937 0.01121305 0.        ]
 [0.01109878 0.01331853 0.78579356 0.0399556  0.02219756 0.01220866
  0.03329634 0.03551609 0.04439512 0.00221976]
 [0.00573394 0.00573394 0.01605505 0.86238532 0.00229358 0.0412844
  0.00458716 0.02637615 0.02752294 0.00802752]
 [0.00816803 0.00816803 0.00583431 0.00233372 0.86464411 0.00700117
  0.01516919 0.01400233 0.01400233 0.06067678]
 [0.02056555 0.00771208 0.00899743 0.07712082 0.01928021 0.77763496
  0.01542416 0.02570694 0.03856041 0.00899743]
 [0.0218712  0.0109356  0.02673147 0.00486027 0.02065614 0.03402187
  0.84811665 0.02430134 0.00486027 0.0036452 ]
 [0.00681044 0.01929625 0.01362089 0.02383655 0.01248581 0.00113507
  0.01021566 0.87060159 0.0045403  0.03745743]
 [0.01062574 0.02361275 0.01652893 0.04840614 0.02597403 0.06139315
  0.01416765 0.02597403 0.75678867 0.01652893]
 [0.01814059 0.00907029 0.00453515 0.02494331 0.07482993 0.01814059
  0.00340136 0.04988662 0.00907029 0.78798186]]

    score:0.8472
    sparsity:1.0000
    train_time:33.6188
    test_time:0.1979
Session is closed.
MNIST classification starts: 580.6408
best model trained: 39.9049
test done: 0.2162
Normalized confusion matrix
[[9.41836735e-01 0.00000000e+00 8.16326531e-03 3.06122449e-03
  0.00000000e+00 1.93877551e-02 1.32653061e-02 7.14285714e-03
  5.10204082e-03 2.04081633e-03]
 [0.00000000e+00 9.67400881e-01 8.81057269e-04 4.40528634e-03
  8.81057269e-04 4.40528634e-03 5.28634361e-03 8.81057269e-04
  1.58590308e-02 0.00000000e+00]
 [1.35658915e-02 1.06589147e-02 8.20736434e-01 3.19767442e-02
  1.55038760e-02 8.72093023e-03 1.93798450e-02 3.10077519e-02
  4.06976744e-02 7.75193798e-03]
 [7.92079208e-03 5.94059406e-03 3.36633663e-02 8.27722772e-01
  2.97029703e-03 4.45544554e-02 7.92079208e-03 1.78217822e-02
  3.76237624e-02 1.38613861e-02]
 [5.09164969e-03 1.32382892e-02 1.12016293e-02 3.05498982e-03
  8.81873727e-01 5.09164969e-03 1.32382892e-02 1.01832994e-02
  7.12830957e-03 4.98981670e-02]
 [1.45739910e-02 1.00896861e-02 2.01793722e-02 5.04484305e-02
  2.35426009e-02 7.76905830e-01 1.68161435e-02 1.79372197e-02
  4.93273543e-02 2.01793722e-02]
 [1.25260960e-02 1.14822547e-02 2.60960334e-02 1.35699374e-02
  2.50521921e-02 2.71398747e-02 8.54906054e-01 1.35699374e-02
  1.14822547e-02 4.17536534e-03]
 [2.91828794e-03 2.23735409e-02 3.21011673e-02 6.80933852e-03
  1.84824903e-02 8.75486381e-03 4.86381323e-03 8.55058366e-01
  6.80933852e-03 4.18287938e-02]
 [1.12936345e-02 1.84804928e-02 2.36139630e-02 2.46406571e-02
  1.84804928e-02 3.69609856e-02 5.13347023e-03 1.64271047e-02
  8.28542094e-01 1.64271047e-02]
 [1.28840436e-02 7.92864222e-03 7.92864222e-03 1.98216056e-02
  6.73934589e-02 1.18929633e-02 3.96432111e-03 3.66699703e-02
  1.28840436e-02 8.18632309e-01]]

    score:0.8594
    sparsity:1.0000
    train_time:39.9049
    test_time:0.2162
Session is closed.
MNIST classification starts: 621.6846
best model trained: 47.4991
test done: 0.2376
Normalized confusion matrix
[[9.43877551e-01 0.00000000e+00 1.32653061e-02 4.08163265e-03
  2.04081633e-03 1.32653061e-02 1.42857143e-02 4.08163265e-03
  4.08163265e-03 1.02040816e-03]
 [0.00000000e+00 9.69162996e-01 7.04845815e-03 4.40528634e-03
  8.81057269e-04 2.64317181e-03 4.40528634e-03 0.00000000e+00
  1.14537445e-02 0.00000000e+00]
 [1.55038760e-02 1.35658915e-02 8.05232558e-01 3.97286822e-02
  1.84108527e-02 8.72093023e-03 2.42248062e-02 2.13178295e-02
  4.55426357e-02 7.75193798e-03]
 [7.92079208e-03 1.18811881e-02 2.67326733e-02 8.29702970e-01
  3.96039604e-03 4.45544554e-02 6.93069307e-03 2.77227723e-02
  2.07920792e-02 1.98019802e-02]
 [2.03665988e-03 6.10997963e-03 9.16496945e-03 1.01832994e-03
  8.54378819e-01 6.10997963e-03 1.42566191e-02 6.10997963e-03
  2.03665988e-03 9.87780041e-02]
 [1.23318386e-02 7.84753363e-03 6.72645740e-03 3.47533632e-02
  2.46636771e-02 8.35201794e-01 2.13004484e-02 2.01793722e-02
  2.13004484e-02 1.56950673e-02]
 [1.67014614e-02 7.30688935e-03 3.13152401e-02 7.30688935e-03
  1.46137787e-02 2.92275574e-02 8.81002088e-01 9.39457203e-03
  2.08768267e-03 1.04384134e-03]
 [8.75486381e-03 2.04280156e-02 2.91828794e-02 1.16731518e-02
  8.75486381e-03 5.83657588e-03 7.78210117e-03 8.51167315e-01
  2.91828794e-03 5.35019455e-02]
 [2.66940452e-02 2.25872690e-02 2.15605749e-02 2.36139630e-02
  1.64271047e-02 3.49075975e-02 1.33470226e-02 1.84804928e-02
  7.85420945e-01 3.69609856e-02]
 [1.48662042e-02 6.93756194e-03 1.38751239e-02 1.38751239e-02
  3.27056492e-02 7.92864222e-03 9.91080278e-04 3.76610505e-02
  4.95540139e-03 8.66204163e-01]]

    score:0.8636
    sparsity:1.0000
    train_time:47.4991
    test_time:0.2376
Session is closed.
MNIST classification starts: 670.3372
best model trained: 54.9243
test done: 0.2432
Normalized confusion matrix
[[9.56122449e-01 0.00000000e+00 4.08163265e-03 3.06122449e-03
  1.02040816e-03 1.83673469e-02 8.16326531e-03 2.04081633e-03
  6.12244898e-03 1.02040816e-03]
 [0.00000000e+00 9.60352423e-01 5.28634361e-03 3.52422907e-03
  1.76211454e-03 8.81057269e-04 5.28634361e-03 8.81057269e-04
  2.20264317e-02 0.00000000e+00]
 [1.74418605e-02 8.72093023e-03 8.12015504e-01 3.48837209e-02
  9.68992248e-03 5.81395349e-03 2.42248062e-02 1.84108527e-02
  5.42635659e-02 1.45348837e-02]
 [9.90099010e-03 2.97029703e-03 3.26732673e-02 8.57425743e-01
  1.98019802e-03 3.86138614e-02 2.97029703e-03 2.37623762e-02
  2.07920792e-02 8.91089109e-03]
 [0.00000000e+00 5.09164969e-03 1.22199593e-02 3.05498982e-03
  8.71690428e-01 8.14663951e-03 1.42566191e-02 5.09164969e-03
  1.22199593e-02 6.82281059e-02]
 [1.56950673e-02 3.36322870e-03 1.79372197e-02 6.83856502e-02
  2.46636771e-02 7.83632287e-01 1.90582960e-02 1.79372197e-02
  3.58744395e-02 1.34529148e-02]
 [1.77453027e-02 3.13152401e-03 3.44467641e-02 5.21920668e-03
  1.35699374e-02 2.40083507e-02 8.69519833e-01 1.04384134e-02
  8.35073069e-03 1.35699374e-02]
 [3.89105058e-03 1.94552529e-02 2.91828794e-02 1.65369650e-02
  8.75486381e-03 4.86381323e-03 6.80933852e-03 8.38521401e-01
  1.26459144e-02 5.93385214e-02]
 [1.23203285e-02 8.21355236e-03 9.24024641e-03 4.41478439e-02
  1.33470226e-02 3.28542094e-02 7.18685832e-03 2.05338809e-02
  8.30595483e-01 2.15605749e-02]
 [1.09018831e-02 6.93756194e-03 5.94648167e-03 1.38751239e-02
  5.25272547e-02 8.91972250e-03 4.95540139e-03 2.47770069e-02
  7.92864222e-03 8.63230922e-01]]

    score:0.8661
    sparsity:1.0000
    train_time:54.9243
    test_time:0.2432
Session is closed.
MNIST classification starts: 726.4046
best model trained: 61.4206
test done: 0.2673
Normalized confusion matrix
[[0.95510204 0.         0.00306122 0.00306122 0.00204082 0.02040816
  0.00918367 0.00408163 0.00204082 0.00102041]
 [0.         0.96211454 0.0061674  0.00528634 0.00176211 0.00264317
  0.00352423 0.         0.0185022  0.        ]
 [0.01744186 0.00484496 0.81492248 0.04166667 0.01065891 0.00484496
  0.02810078 0.0251938  0.04748062 0.00484496]
 [0.0039604  0.0029703  0.01782178 0.87227723 0.0009901  0.03465347
  0.00891089 0.02277228 0.02871287 0.00693069]
 [0.00203666 0.00712831 0.00814664 0.00814664 0.89307536 0.00407332
  0.01832994 0.00610998 0.01120163 0.04175153]
 [0.01681614 0.00560538 0.00896861 0.0661435  0.01681614 0.78139013
  0.03026906 0.01793722 0.04147982 0.01457399]
 [0.01461378 0.00521921 0.00730689 0.01043841 0.01043841 0.02400835
  0.90709812 0.01356994 0.00626305 0.00104384]
 [0.00389105 0.01459144 0.02723735 0.01945525 0.00972763 0.0077821
  0.00194553 0.86575875 0.00291829 0.04669261]
 [0.01129363 0.01026694 0.00821355 0.04106776 0.01334702 0.03798768
  0.01437372 0.01848049 0.82238193 0.02258727]
 [0.0099108  0.0049554  0.0099108  0.01387512 0.05847374 0.01189296
  0.00099108 0.03865213 0.00693756 0.8444004 ]]

    score:0.8736
    sparsity:1.0000
    train_time:61.4206
    test_time:0.2673
Session is closed.
MNIST classification starts: 788.9977
best model trained: 68.9806
test done: 0.2724
Normalized confusion matrix
[[9.54081633e-01 0.00000000e+00 9.18367347e-03 4.08163265e-03
  0.00000000e+00 1.02040816e-02 1.22448980e-02 4.08163265e-03
  5.10204082e-03 1.02040816e-03]
 [0.00000000e+00 9.69162996e-01 6.16740088e-03 4.40528634e-03
  8.81057269e-04 3.52422907e-03 3.52422907e-03 8.81057269e-04
  1.14537445e-02 0.00000000e+00]
 [1.25968992e-02 1.35658915e-02 8.36240310e-01 3.48837209e-02
  1.74418605e-02 2.90697674e-03 2.03488372e-02 1.64728682e-02
  3.97286822e-02 5.81395349e-03]
 [1.98019802e-03 6.93069307e-03 2.77227723e-02 8.80198020e-01
  3.96039604e-03 2.97029703e-02 4.95049505e-03 1.38613861e-02
  2.47524752e-02 5.94059406e-03]
 [3.05498982e-03 5.09164969e-03 1.12016293e-02 7.12830957e-03
  8.83910387e-01 2.03665988e-03 1.62932790e-02 6.10997963e-03
  1.22199593e-02 5.29531568e-02]
 [8.96860987e-03 2.24215247e-03 6.72645740e-03 5.49327354e-02
  2.57847534e-02 8.15022422e-01 2.80269058e-02 1.34529148e-02
  3.25112108e-02 1.23318386e-02]
 [1.87891441e-02 8.35073069e-03 2.40083507e-02 7.30688935e-03
  1.35699374e-02 2.81837161e-02 8.79958246e-01 1.04384134e-02
  7.30688935e-03 2.08768267e-03]
 [2.91828794e-03 1.55642023e-02 2.52918288e-02 1.65369650e-02
  1.07003891e-02 6.80933852e-03 6.80933852e-03 8.49221790e-01
  1.07003891e-02 5.54474708e-02]
 [1.23203285e-02 1.74537988e-02 1.43737166e-02 3.59342916e-02
  1.54004107e-02 4.10677618e-02 1.23203285e-02 2.36139630e-02
  8.12114990e-01 1.54004107e-02]
 [1.68483647e-02 8.91972250e-03 3.96432111e-03 1.48662042e-02
  4.06342914e-02 1.18929633e-02 1.98216056e-03 3.07234886e-02
  5.94648167e-03 8.64222002e-01]]

    score:0.8761
    sparsity:1.0000
    train_time:68.9806
    test_time:0.2724
Session is closed.
MNIST classification starts: 859.1643
best model trained: 75.6737
test done: 0.2910
Normalized confusion matrix
[[9.24489796e-01 0.00000000e+00 6.12244898e-03 3.06122449e-03
  5.10204082e-03 2.44897959e-02 2.04081633e-02 3.06122449e-03
  1.22448980e-02 1.02040816e-03]
 [0.00000000e+00 9.63876652e-01 4.40528634e-03 4.40528634e-03
  1.76211454e-03 3.52422907e-03 2.64317181e-03 0.00000000e+00
  1.85022026e-02 8.81057269e-04]
 [1.35658915e-02 9.68992248e-03 7.97480620e-01 2.51937984e-02
  2.42248062e-02 1.06589147e-02 2.51937984e-02 3.10077519e-02
  5.91085271e-02 3.87596899e-03]
 [3.96039604e-03 3.96039604e-03 1.48514851e-02 8.50495050e-01
  2.97029703e-03 4.65346535e-02 9.90099010e-03 1.88118812e-02
  3.46534653e-02 1.38613861e-02]
 [1.01832994e-03 6.10997963e-03 1.32382892e-02 9.16496945e-03
  8.86965377e-01 3.05498982e-03 1.42566191e-02 6.10997963e-03
  1.62932790e-02 4.37881874e-02]
 [8.96860987e-03 6.72645740e-03 8.96860987e-03 4.82062780e-02
  2.01793722e-02 8.11659193e-01 2.24215247e-02 1.79372197e-02
  4.48430493e-02 1.00896861e-02]
 [1.04384134e-02 6.26304802e-03 2.29645094e-02 2.08768267e-03
  1.25260960e-02 1.98329854e-02 9.05010438e-01 6.26304802e-03
  1.14822547e-02 3.13152401e-03]
 [2.91828794e-03 1.84824903e-02 1.75097276e-02 1.55642023e-02
  1.45914397e-02 2.91828794e-03 9.72762646e-04 8.74513619e-01
  7.78210117e-03 4.47470817e-02]
 [6.16016427e-03 9.24024641e-03 1.12936345e-02 2.56673511e-02
  1.12936345e-02 3.28542094e-02 1.02669405e-02 2.46406571e-02
  8.55236140e-01 1.33470226e-02]
 [1.09018831e-02 6.93756194e-03 7.92864222e-03 1.48662042e-02
  4.55896928e-02 7.92864222e-03 9.91080278e-04 3.96432111e-02
  1.68483647e-02 8.48364718e-01]]

    score:0.8732
    sparsity:1.0000
    train_time:75.6737
    test_time:0.2910
Session is closed.
