nyx7010
2018-07-15 14:13:06.318209: W tensorflow/core/platform/cpu_feature_guard.cc:45] The TensorFlow library wasn't compiled to use SSE4.1 instructions, but these are available on your machine and could speed up CPU computations.
2018-07-15 14:13:06.318303: W tensorflow/core/platform/cpu_feature_guard.cc:45] The TensorFlow library wasn't compiled to use SSE4.2 instructions, but these are available on your machine and could speed up CPU computations.
2018-07-15 14:13:06.318318: W tensorflow/core/platform/cpu_feature_guard.cc:45] The TensorFlow library wasn't compiled to use AVX instructions, but these are available on your machine and could speed up CPU computations.
2018-07-15 14:13:06.318331: W tensorflow/core/platform/cpu_feature_guard.cc:45] The TensorFlow library wasn't compiled to use AVX2 instructions, but these are available on your machine and could speed up CPU computations.
2018-07-15 14:13:06.318342: W tensorflow/core/platform/cpu_feature_guard.cc:45] The TensorFlow library wasn't compiled to use FMA instructions, but these are available on your machine and could speed up CPU computations.
MNIST classification starts: 3.8303
best model trained: 12.9075
test done: 0.0164
Normalized confusion matrix
[[0.75862069 0.         0.06896552 0.03448276 0.         0.
  0.10344828 0.03448276 0.         0.        ]
 [0.         0.95652174 0.         0.         0.04347826 0.
  0.         0.         0.         0.        ]
 [0.07894737 0.18421053 0.39473684 0.13157895 0.05263158 0.
  0.05263158 0.05263158 0.05263158 0.        ]
 [0.07142857 0.17857143 0.         0.35714286 0.03571429 0.10714286
  0.03571429 0.03571429 0.17857143 0.        ]
 [0.         0.09756098 0.02439024 0.         0.41463415 0.
  0.07317073 0.2195122  0.02439024 0.14634146]
 [0.         0.03225806 0.09677419 0.16129032 0.22580645 0.19354839
  0.03225806 0.09677419 0.12903226 0.03225806]
 [0.04       0.04       0.28       0.16       0.         0.04
  0.28       0.04       0.12       0.        ]
 [0.10810811 0.05405405 0.05405405 0.         0.16216216 0.
  0.         0.54054054 0.02702703 0.05405405]
 [0.         0.04761905 0.04761905 0.19047619 0.23809524 0.
  0.04761905 0.04761905 0.28571429 0.0952381 ]
 [0.08108108 0.02702703 0.05405405 0.02702703 0.27027027 0.
  0.02702703 0.18918919 0.         0.32432432]]

    score:0.4775
    sparsity:0.5095
    train_time:12.9075
    test_time:0.0164
Session is closed.
MNIST classification starts: 18.0451
best model trained: 7.8068
test done: 0.0477
Normalized confusion matrix
[[0.77142857 0.00571429 0.01714286 0.00571429 0.01142857 0.00571429
  0.07428571 0.01142857 0.         0.09714286]
 [0.         0.94871795 0.         0.         0.0042735  0.
  0.00854701 0.         0.01709402 0.02136752]
 [0.03652968 0.05479452 0.63926941 0.0913242  0.00913242 0.
  0.04109589 0.05022831 0.05479452 0.02283105]
 [0.00483092 0.0531401  0.01932367 0.68599034 0.00483092 0.05797101
  0.03381643 0.07246377 0.03381643 0.03381643]
 [0.00921659 0.06912442 0.02304147 0.         0.7281106  0.00921659
  0.02304147 0.00460829 0.         0.13364055]
 [0.03351955 0.03351955 0.01675978 0.15083799 0.09497207 0.41340782
  0.03910615 0.03351955 0.05027933 0.13407821]
 [0.04494382 0.05617978 0.07865169 0.         0.02808989 0.06179775
  0.64606742 0.01685393 0.03932584 0.02808989]
 [0.         0.09268293 0.0195122  0.00487805 0.02926829 0.00487805
  0.00487805 0.63902439 0.0195122  0.18536585]
 [0.015625   0.11458333 0.03125    0.16666667 0.0625     0.02083333
  0.02083333 0.015625   0.39583333 0.15625   ]
 [0.00515464 0.0257732  0.00515464 0.01030928 0.08762887 0.00515464
  0.         0.03092784 0.01546392 0.81443299]]

    score:0.6755
    sparsity:0.4967
    train_time:7.8068
    test_time:0.0477
Session is closed.
MNIST classification starts: 26.8345
best model trained: 14.6553
test done: 0.0811
Normalized confusion matrix
[[0.82789318 0.00296736 0.03264095 0.0148368  0.0148368  0.05341246
  0.02077151 0.00890208 0.02077151 0.00296736]
 [0.         0.94471154 0.00721154 0.01923077 0.00240385 0.00480769
  0.00961538 0.         0.01201923 0.        ]
 [0.02356021 0.07591623 0.61518325 0.06544503 0.01308901 0.02094241
  0.06020942 0.03403141 0.08115183 0.0104712 ]
 [0.01061008 0.0795756  0.03713528 0.77453581 0.00265252 0.01591512
  0.01591512 0.03448276 0.02122016 0.00795756]
 [0.01023018 0.0230179  0.01278772 0.01023018 0.73657289 0.01023018
  0.01534527 0.01023018 0.01278772 0.15856777]
 [0.04154303 0.02670623 0.04747774 0.12166172 0.04451039 0.41839763
  0.03857567 0.09198813 0.09495549 0.07418398]
 [0.04927536 0.03768116 0.04057971 0.00869565 0.04057971 0.06666667
  0.73333333 0.00869565 0.00289855 0.0115942 ]
 [0.00779221 0.06233766 0.01558442 0.02077922 0.03116883 0.
  0.00519481 0.72207792 0.03116883 0.1038961 ]
 [0.01142857 0.09714286 0.03142857 0.11142857 0.03428571 0.04857143
  0.00285714 0.03428571 0.57714286 0.05142857]
 [0.01734104 0.03757225 0.00289017 0.00867052 0.10115607 0.00578035
  0.00578035 0.02601156 0.01734104 0.77745665]]

    score:0.7174
    sparsity:0.4902
    train_time:14.6553
    test_time:0.0811
Session is closed.
MNIST classification starts: 42.5470
best model trained: 22.0895
test done: 0.1226
Normalized confusion matrix
[[0.85483871 0.         0.02217742 0.0141129  0.         0.04233871
  0.04435484 0.00604839 0.0141129  0.00201613]
 [0.         0.97868852 0.00327869 0.00819672 0.         0.00163934
  0.00655738 0.         0.00163934 0.        ]
 [0.01610018 0.03220036 0.70125224 0.08050089 0.01073345 0.00715564
  0.04651163 0.03577818 0.06440072 0.00536673]
 [0.00187617 0.01876173 0.03377111 0.80487805 0.00375235 0.06754221
  0.01125704 0.02814259 0.01688555 0.01313321]
 [0.00746269 0.02985075 0.02798507 0.0130597  0.77238806 0.00559701
  0.02425373 0.0130597  0.00186567 0.10447761]
 [0.02697095 0.01244813 0.0186722  0.11410788 0.02904564 0.64937759
  0.04149378 0.01244813 0.05186722 0.04356846]
 [0.01616162 0.01616162 0.03434343 0.01010101 0.03030303 0.02828283
  0.83636364 0.01010101 0.0020202  0.01616162]
 [0.003663   0.05494505 0.02014652 0.02747253 0.01282051 0.00549451
  0.00915751 0.77289377 0.003663   0.08974359]
 [0.01538462 0.07307692 0.02115385 0.08269231 0.03653846 0.05961538
  0.01153846 0.02307692 0.61730769 0.05961538]
 [0.01079137 0.01978417 0.00719424 0.02697842 0.10071942 0.01618705
  0.00539568 0.03956835 0.01079137 0.76258993]]

    score:0.7782
    sparsity:0.4890
    train_time:22.0895
    test_time:0.1226
Session is closed.
MNIST classification starts: 65.7483
best model trained: 29.2457
test done: 0.1620
Normalized confusion matrix
[[0.90178571 0.         0.00446429 0.00297619 0.0014881  0.03869048
  0.0327381  0.00297619 0.01339286 0.0014881 ]
 [0.         0.9572327  0.00628931 0.00628931 0.00251572 0.00628931
  0.00628931 0.         0.01509434 0.        ]
 [0.01097394 0.00823045 0.75445816 0.04115226 0.01920439 0.00823045
  0.04938272 0.03978052 0.06584362 0.00274348]
 [0.00569801 0.0042735  0.01994302 0.7962963  0.0014245  0.08404558
  0.01709402 0.04131054 0.01851852 0.01139601]
 [0.00142857 0.00714286 0.00857143 0.00714286 0.80857143 0.01
  0.01285714 0.02142857 0.00857143 0.11428571]
 [0.01421801 0.00631912 0.01579779 0.08688784 0.0300158  0.74723539
  0.01895735 0.02053712 0.0300158  0.0300158 ]
 [0.03506098 0.00609756 0.04268293 0.00304878 0.01676829 0.02591463
  0.85060976 0.01067073 0.00762195 0.00152439]
 [0.00280899 0.02949438 0.01825843 0.01544944 0.01404494 0.00421348
  0.00702247 0.84550562 0.01123596 0.05196629]
 [0.00733138 0.01612903 0.02492669 0.06304985 0.02199413 0.05278592
  0.00733138 0.02052786 0.76099707 0.02492669]
 [0.00834492 0.00834492 0.00834492 0.01947149 0.06675939 0.01529903
  0.00278164 0.08623088 0.01529903 0.76912378]]

    score:0.8210
    sparsity:0.4957
    train_time:29.2457
    test_time:0.1620
Session is closed.
MNIST classification starts: 96.3697
best model trained: 37.9513
test done: 0.1916
Normalized confusion matrix
[[0.93364929 0.         0.00947867 0.0035545  0.00473934 0.01303318
  0.02132701 0.00118483 0.01184834 0.00118483]
 [0.         0.96126402 0.01223242 0.00407747 0.00203874 0.00611621
  0.0030581  0.         0.01121305 0.        ]
 [0.02219756 0.02219756 0.7891232  0.0399556  0.01775805 0.00554939
  0.03440622 0.0199778  0.04328524 0.00554939]
 [0.00114679 0.01490826 0.02981651 0.83027523 0.00573394 0.05045872
  0.00917431 0.02178899 0.02866972 0.00802752]
 [0.00233372 0.01283547 0.00700117 0.00466744 0.88098016 0.00466744
  0.0210035  0.00700117 0.01283547 0.04667445]
 [0.00771208 0.01156812 0.01413882 0.07197943 0.02442159 0.76606684
  0.01799486 0.00899743 0.06426735 0.01285347]
 [0.018226   0.00850547 0.0218712  0.00486027 0.02065614 0.03523694
  0.86026731 0.00850547 0.02065614 0.00121507]
 [0.00340522 0.03178207 0.01248581 0.00908059 0.02270148 0.00567537
  0.00340522 0.84790011 0.01248581 0.05107832]
 [0.01180638 0.01180638 0.0094451  0.05312869 0.02597403 0.04958678
  0.01298701 0.01652893 0.78512397 0.02361275]
 [0.01587302 0.01133787 0.00566893 0.01133787 0.07936508 0.00793651
  0.00453515 0.0521542  0.01360544 0.79818594]]

    score:0.8471
    sparsity:0.5030
    train_time:37.9513
    test_time:0.1916
Session is closed.
MNIST classification starts: 135.5172
best model trained: 44.7939
test done: 0.2456
Normalized confusion matrix
[[9.31632653e-01 0.00000000e+00 7.14285714e-03 7.14285714e-03
  2.04081633e-03 2.44897959e-02 1.93877551e-02 1.02040816e-03
  6.12244898e-03 1.02040816e-03]
 [0.00000000e+00 9.77092511e-01 6.16740088e-03 4.40528634e-03
  8.81057269e-04 1.76211454e-03 2.64317181e-03 8.81057269e-04
  5.28634361e-03 8.81057269e-04]
 [1.25968992e-02 3.87596899e-03 8.56589147e-01 2.51937984e-02
  1.45348837e-02 9.68992248e-03 2.03488372e-02 1.25968992e-02
  3.97286822e-02 4.84496124e-03]
 [4.95049505e-03 8.91089109e-03 4.05940594e-02 8.25742574e-01
  5.94059406e-03 3.96039604e-02 3.96039604e-03 2.27722772e-02
  4.15841584e-02 5.94059406e-03]
 [1.01832994e-03 1.01832994e-02 1.01832994e-02 1.01832994e-03
  9.06313646e-01 5.09164969e-03 1.01832994e-02 4.07331976e-03
  8.14663951e-03 4.37881874e-02]
 [1.79372197e-02 1.00896861e-02 1.23318386e-02 3.92376682e-02
  2.46636771e-02 8.10538117e-01 1.90582960e-02 1.45739910e-02
  3.92376682e-02 1.23318386e-02]
 [3.02713987e-02 9.39457203e-03 2.50521921e-02 0.00000000e+00
  9.39457203e-03 2.81837161e-02 8.85177453e-01 6.26304802e-03
  6.26304802e-03 0.00000000e+00]
 [3.89105058e-03 2.33463035e-02 2.33463035e-02 1.55642023e-02
  1.65369650e-02 3.89105058e-03 3.89105058e-03 8.69649805e-01
  9.72762646e-04 3.89105058e-02]
 [1.54004107e-02 1.43737166e-02 2.97741273e-02 2.87474333e-02
  1.33470226e-02 4.31211499e-02 7.18685832e-03 2.05338809e-02
  8.03901437e-01 2.36139630e-02]
 [2.08126858e-02 9.91080278e-03 7.92864222e-03 1.09018831e-02
  1.20911794e-01 1.78394450e-02 3.96432111e-03 4.06342914e-02
  1.09018831e-02 7.56194252e-01]]

    score:0.8641
    sparsity:0.5010
    train_time:44.7939
    test_time:0.2456
Session is closed.
MNIST classification starts: 181.5754
best model trained: 54.4881
test done: 0.2415
Normalized confusion matrix
[[9.36734694e-01 0.00000000e+00 5.10204082e-03 9.18367347e-03
  0.00000000e+00 2.65306122e-02 1.73469388e-02 1.02040816e-03
  3.06122449e-03 1.02040816e-03]
 [0.00000000e+00 9.63876652e-01 4.40528634e-03 1.23348018e-02
  0.00000000e+00 2.64317181e-03 2.64317181e-03 8.81057269e-04
  1.32158590e-02 0.00000000e+00]
 [1.45348837e-02 9.68992248e-03 8.45930233e-01 3.48837209e-02
  1.45348837e-02 1.93798450e-03 1.64728682e-02 2.13178295e-02
  3.39147287e-02 6.78294574e-03]
 [6.93069307e-03 6.93069307e-03 2.37623762e-02 8.82178218e-01
  3.96039604e-03 3.26732673e-02 1.98019802e-03 1.58415842e-02
  1.68316832e-02 8.91089109e-03]
 [1.01832994e-03 8.14663951e-03 1.62932790e-02 6.10997963e-03
  8.91038697e-01 6.10997963e-03 1.22199593e-02 3.05498982e-03
  9.16496945e-03 4.68431772e-02]
 [1.00896861e-02 8.96860987e-03 1.00896861e-02 6.50224215e-02
  2.69058296e-02 8.11659193e-01 2.35426009e-02 1.00896861e-02
  2.57847534e-02 7.84753363e-03]
 [1.14822547e-02 8.35073069e-03 1.77453027e-02 3.13152401e-03
  1.67014614e-02 2.81837161e-02 9.00835073e-01 1.04384134e-02
  3.13152401e-03 0.00000000e+00]
 [2.91828794e-03 2.23735409e-02 3.79377432e-02 1.16731518e-02
  1.07003891e-02 3.89105058e-03 1.94552529e-03 8.40466926e-01
  7.78210117e-03 6.03112840e-02]
 [1.23203285e-02 1.74537988e-02 1.74537988e-02 5.85215606e-02
  2.36139630e-02 4.82546201e-02 1.02669405e-02 9.24024641e-03
  7.75154004e-01 2.77207392e-02]
 [1.38751239e-02 8.91972250e-03 8.91972250e-03 1.68483647e-02
  8.22596630e-02 1.18929633e-02 1.98216056e-03 4.06342914e-02
  3.96432111e-03 8.10703667e-01]]

    score:0.8675
    sparsity:0.4984
    train_time:54.4881
    test_time:0.2415
Session is closed.
MNIST classification starts: 237.3237
best model trained: 62.5247
test done: 0.2819
Normalized confusion matrix
[[9.50000000e-01 0.00000000e+00 3.06122449e-03 5.10204082e-03
  1.02040816e-03 1.02040816e-02 2.24489796e-02 2.04081633e-03
  6.12244898e-03 0.00000000e+00]
 [0.00000000e+00 9.73568282e-01 8.81057269e-04 6.16740088e-03
  3.52422907e-03 0.00000000e+00 4.40528634e-03 1.76211454e-03
  9.69162996e-03 0.00000000e+00]
 [1.74418605e-02 1.16279070e-02 8.22674419e-01 2.71317829e-02
  1.06589147e-02 1.93798450e-03 2.81007752e-02 2.71317829e-02
  4.84496124e-02 4.84496124e-03]
 [6.93069307e-03 5.94059406e-03 2.17821782e-02 8.64356436e-01
  7.92079208e-03 2.17821782e-02 5.94059406e-03 1.58415842e-02
  3.36633663e-02 1.58415842e-02]
 [2.03665988e-03 8.14663951e-03 9.16496945e-03 6.10997963e-03
  8.68635438e-01 0.00000000e+00 1.73116090e-02 1.22199593e-02
  1.42566191e-02 6.21181263e-02]
 [1.56950673e-02 7.84753363e-03 1.00896861e-02 7.39910314e-02
  1.90582960e-02 7.62331839e-01 3.25112108e-02 1.45739910e-02
  4.70852018e-02 1.68161435e-02]
 [1.35699374e-02 5.21920668e-03 1.67014614e-02 3.13152401e-03
  8.35073069e-03 1.46137787e-02 9.27974948e-01 4.17536534e-03
  6.26304802e-03 0.00000000e+00]
 [3.89105058e-03 1.45914397e-02 1.65369650e-02 8.75486381e-03
  1.16731518e-02 0.00000000e+00 9.72762646e-04 8.90077821e-01
  6.80933852e-03 4.66926070e-02]
 [1.23203285e-02 1.64271047e-02 1.33470226e-02 3.38809035e-02
  2.36139630e-02 3.38809035e-02 1.33470226e-02 9.24024641e-03
  8.02874743e-01 4.10677618e-02]
 [1.18929633e-02 6.93756194e-03 1.98216056e-03 2.08126858e-02
  5.94648167e-02 2.97324083e-03 9.91080278e-04 4.45986125e-02
  6.93756194e-03 8.43409316e-01]]

    score:0.8728
    sparsity:0.4975
    train_time:62.5247
    test_time:0.2819
Session is closed.
MNIST classification starts: 301.3880
best model trained: 70.7159
test done: 0.2883
Normalized confusion matrix
[[9.55102041e-01 0.00000000e+00 7.14285714e-03 4.08163265e-03
  0.00000000e+00 1.22448980e-02 1.32653061e-02 1.02040816e-03
  6.12244898e-03 1.02040816e-03]
 [0.00000000e+00 9.61233480e-01 3.52422907e-03 3.52422907e-03
  8.81057269e-04 8.81057269e-04 3.52422907e-03 8.81057269e-04
  2.55506608e-02 0.00000000e+00]
 [1.84108527e-02 5.81395349e-03 8.50775194e-01 2.22868217e-02
  1.84108527e-02 1.93798450e-03 1.84108527e-02 1.55038760e-02
  3.97286822e-02 8.72093023e-03]
 [3.96039604e-03 2.97029703e-03 1.88118812e-02 8.76237624e-01
  0.00000000e+00 3.56435644e-02 1.98019802e-03 1.68316832e-02
  3.16831683e-02 1.18811881e-02]
 [7.12830957e-03 5.09164969e-03 1.01832994e-02 3.05498982e-03
  8.91038697e-01 8.14663951e-03 1.32382892e-02 4.07331976e-03
  1.12016293e-02 4.68431772e-02]
 [1.79372197e-02 4.48430493e-03 1.12107623e-02 4.82062780e-02
  1.34529148e-02 8.07174888e-01 2.24215247e-02 1.79372197e-02
  4.48430493e-02 1.23318386e-02]
 [1.67014614e-02 6.26304802e-03 1.98329854e-02 4.17536534e-03
  1.46137787e-02 2.08768267e-02 9.03966597e-01 1.04384134e-03
  1.14822547e-02 1.04384134e-03]
 [1.94552529e-03 1.65369650e-02 2.14007782e-02 1.65369650e-02
  1.07003891e-02 3.89105058e-03 0.00000000e+00 8.67704280e-01
  6.80933852e-03 5.44747082e-02]
 [9.24024641e-03 9.24024641e-03 1.54004107e-02 3.18275154e-02
  6.16016427e-03 2.36139630e-02 4.10677618e-03 1.02669405e-02
  8.70636550e-01 1.95071869e-02]
 [1.28840436e-02 5.94648167e-03 2.97324083e-03 1.09018831e-02
  3.66699703e-02 7.92864222e-03 2.97324083e-03 4.16253717e-02
  1.38751239e-02 8.64222002e-01]]

    score:0.8863
    sparsity:0.4982
    train_time:70.7159
    test_time:0.2883
Session is closed.
MNIST classification starts: 373.4266
best model trained: 79.7924
test done: 0.2985
Normalized confusion matrix
[[9.37755102e-01 0.00000000e+00 6.12244898e-03 3.06122449e-03
  1.02040816e-03 2.04081633e-02 2.24489796e-02 4.08163265e-03
  4.08163265e-03 1.02040816e-03]
 [0.00000000e+00 9.68281938e-01 3.52422907e-03 1.76211454e-03
  8.81057269e-04 2.64317181e-03 3.52422907e-03 0.00000000e+00
  1.93832599e-02 0.00000000e+00]
 [1.16279070e-02 8.72093023e-03 8.15891473e-01 2.71317829e-02
  1.74418605e-02 1.93798450e-03 2.42248062e-02 2.22868217e-02
  6.68604651e-02 3.87596899e-03]
 [4.95049505e-03 2.97029703e-03 2.37623762e-02 8.68316832e-01
  0.00000000e+00 3.36633663e-02 4.95049505e-03 1.78217822e-02
  3.56435644e-02 7.92079208e-03]
 [4.07331976e-03 8.14663951e-03 1.42566191e-02 4.07331976e-03
  8.56415479e-01 7.12830957e-03 1.62932790e-02 1.01832994e-02
  1.42566191e-02 6.51731161e-02]
 [1.12107623e-02 6.72645740e-03 5.60538117e-03 5.26905830e-02
  1.34529148e-02 8.26233184e-01 1.68161435e-02 1.23318386e-02
  4.48430493e-02 1.00896861e-02]
 [1.46137787e-02 4.17536534e-03 1.56576200e-02 2.08768267e-03
  1.14822547e-02 1.77453027e-02 9.25887265e-01 7.30688935e-03
  0.00000000e+00 1.04384134e-03]
 [1.94552529e-03 1.65369650e-02 1.75097276e-02 7.78210117e-03
  1.26459144e-02 7.78210117e-03 1.94552529e-03 8.90077821e-01
  2.91828794e-03 4.08560311e-02]
 [7.18685832e-03 4.10677618e-03 8.21355236e-03 3.49075975e-02
  1.64271047e-02 3.79876797e-02 1.33470226e-02 1.64271047e-02
  8.42915811e-01 1.84804928e-02]
 [1.68483647e-02 5.94648167e-03 1.98216056e-03 1.09018831e-02
  4.36075322e-02 1.48662042e-02 9.91080278e-04 3.96432111e-02
  6.93756194e-03 8.58275520e-01]]

    score:0.8804
    sparsity:0.4991
    train_time:79.7924
    test_time:0.2985
Session is closed.
MNIST classification starts: 454.5534
best model trained: 84.8133
test done: 0.3020
Normalized confusion matrix
[[9.64285714e-01 0.00000000e+00 4.08163265e-03 4.08163265e-03
  1.02040816e-03 4.08163265e-03 1.02040816e-02 3.06122449e-03
  7.14285714e-03 2.04081633e-03]
 [0.00000000e+00 9.62114537e-01 4.40528634e-03 3.52422907e-03
  0.00000000e+00 8.81057269e-04 4.40528634e-03 0.00000000e+00
  2.46696035e-02 0.00000000e+00]
 [1.84108527e-02 4.84496124e-03 8.81782946e-01 2.22868217e-02
  1.06589147e-02 3.87596899e-03 1.25968992e-02 1.06589147e-02
  3.00387597e-02 4.84496124e-03]
 [4.95049505e-03 2.97029703e-03 2.97029703e-02 8.92079208e-01
  9.90099010e-04 1.18811881e-02 2.97029703e-03 1.38613861e-02
  3.06930693e-02 9.90099010e-03]
 [3.05498982e-03 6.10997963e-03 1.62932790e-02 0.00000000e+00
  8.85947047e-01 2.03665988e-03 1.01832994e-02 9.16496945e-03
  1.01832994e-02 5.70264766e-02]
 [1.45739910e-02 3.36322870e-03 1.12107623e-02 6.05381166e-02
  2.24215247e-02 7.80269058e-01 1.90582960e-02 1.68161435e-02
  5.71748879e-02 1.45739910e-02]
 [2.40083507e-02 3.13152401e-03 2.29645094e-02 4.17536534e-03
  1.46137787e-02 1.87891441e-02 9.02922756e-01 2.08768267e-03
  7.30688935e-03 0.00000000e+00]
 [3.89105058e-03 1.75097276e-02 2.23735409e-02 7.78210117e-03
  1.07003891e-02 1.94552529e-03 1.94552529e-03 8.86186770e-01
  4.86381323e-03 4.28015564e-02]
 [1.23203285e-02 1.02669405e-02 1.84804928e-02 3.18275154e-02
  1.23203285e-02 2.25872690e-02 8.21355236e-03 1.02669405e-02
  8.51129363e-01 2.25872690e-02]
 [1.48662042e-02 4.95540139e-03 8.91972250e-03 1.48662042e-02
  4.45986125e-02 3.96432111e-03 9.91080278e-04 4.45986125e-02
  8.91972250e-03 8.53320119e-01]]

    score:0.8880
    sparsity:0.5009
    train_time:84.8133
    test_time:0.3020
Session is closed.
MNIST classification starts: 540.7022
best model trained: 1.3879
test done: 0.0123
Normalized confusion matrix
[[0.68965517 0.         0.24137931 0.03448276 0.         0.
  0.03448276 0.         0.         0.        ]
 [0.         0.91304348 0.         0.         0.         0.
  0.04347826 0.         0.         0.04347826]
 [0.13157895 0.13157895 0.52631579 0.         0.02631579 0.05263158
  0.10526316 0.         0.         0.02631579]
 [0.07142857 0.25       0.21428571 0.17857143 0.07142857 0.14285714
  0.07142857 0.         0.         0.        ]
 [0.02439024 0.19512195 0.14634146 0.02439024 0.36585366 0.
  0.07317073 0.02439024 0.02439024 0.12195122]
 [0.22580645 0.19354839 0.03225806 0.09677419 0.09677419 0.25806452
  0.06451613 0.03225806 0.         0.        ]
 [0.         0.16       0.36       0.         0.08       0.
  0.28       0.08       0.04       0.        ]
 [0.         0.35135135 0.13513514 0.         0.         0.
  0.05405405 0.24324324 0.         0.21621622]
 [0.04761905 0.33333333 0.0952381  0.0952381  0.04761905 0.0952381
  0.0952381  0.         0.19047619 0.        ]
 [0.05405405 0.16216216 0.10810811 0.02702703 0.16216216 0.02702703
  0.         0.10810811 0.02702703 0.32432432]]

    score:0.4264
    sparsity:1.0000
    train_time:1.3879
    test_time:0.0123
Session is closed.
MNIST classification starts: 543.2160
best model trained: 7.7175
test done: 0.0413
Normalized confusion matrix
[[0.78857143 0.         0.01142857 0.04       0.02285714 0.04
  0.01714286 0.01142857 0.06857143 0.        ]
 [0.         0.94871795 0.         0.03418803 0.0042735  0.
  0.0042735  0.0042735  0.0042735  0.        ]
 [0.02283105 0.05479452 0.56164384 0.08219178 0.04109589 0.02283105
  0.0456621  0.05936073 0.10502283 0.00456621]
 [0.01449275 0.01932367 0.02415459 0.6763285  0.00966184 0.12077295
  0.00966184 0.07246377 0.04830918 0.00483092]
 [0.00921659 0.03686636 0.03225806 0.02304147 0.70046083 0.01843318
  0.02304147 0.04608295 0.02304147 0.0875576 ]
 [0.03351955 0.03351955 0.01675978 0.11173184 0.05586592 0.45251397
  0.01117318 0.07821229 0.1396648  0.06703911]
 [0.07865169 0.07303371 0.06179775 0.00561798 0.05617978 0.08988764
  0.57865169 0.03370787 0.01123596 0.01123596]
 [0.00487805 0.10731707 0.03414634 0.0195122  0.04390244 0.02439024
  0.0195122  0.65853659 0.0195122  0.06829268]
 [0.00520833 0.05729167 0.015625   0.13541667 0.04166667 0.078125
  0.02083333 0.015625   0.60416667 0.02604167]
 [0.00515464 0.01030928 0.01546392 0.01030928 0.10824742 0.0257732
  0.         0.09793814 0.04639175 0.68041237]]

    score:0.6710
    sparsity:1.0000
    train_time:7.7175
    test_time:0.0413
Session is closed.
MNIST classification starts: 551.9123
best model trained: 14.2655
test done: 0.0630
Normalized confusion matrix
[[0.86350148 0.         0.00890208 0.00890208 0.00296736 0.04451039
  0.02670623 0.0148368  0.01780415 0.01186944]
 [0.         0.93509615 0.         0.00721154 0.         0.02403846
  0.00480769 0.00240385 0.02644231 0.        ]
 [0.03926702 0.02879581 0.63874346 0.06544503 0.0026178  0.02356021
  0.06544503 0.04188482 0.08638743 0.0078534 ]
 [0.00265252 0.01591512 0.02122016 0.71883289 0.00795756 0.10875332
  0.00530504 0.0397878  0.03713528 0.04244032]
 [0.00255754 0.01534527 0.02046036 0.03069054 0.60358056 0.00511509
  0.02557545 0.02813299 0.01790281 0.25063939]
 [0.02967359 0.00296736 0.01780415 0.12759644 0.01780415 0.57863501
  0.01780415 0.06824926 0.05637982 0.08308605]
 [0.03768116 0.02318841 0.05507246 0.0057971  0.0173913  0.06376812
  0.77391304 0.0173913  0.00289855 0.00289855]
 [0.00519481 0.04935065 0.03376623 0.00779221 0.02077922 0.00779221
  0.01298701 0.77142857 0.01038961 0.08051948]
 [0.01142857 0.04285714 0.00857143 0.12       0.00571429 0.04857143
  0.01428571 0.02571429 0.65714286 0.06571429]
 [0.00578035 0.02601156 0.00578035 0.02023121 0.06069364 0.02023121
  0.00289017 0.05491329 0.02023121 0.78323699]]

    score:0.7340
    sparsity:1.0000
    train_time:14.2655
    test_time:0.0630
Session is closed.
MNIST classification starts: 567.1936
best model trained: 21.5775
test done: 0.0996
Normalized confusion matrix
[[0.89919355 0.         0.02016129 0.00403226 0.00403226 0.03427419
  0.01814516 0.00806452 0.01209677 0.        ]
 [0.         0.96393443 0.00491803 0.0147541  0.00163934 0.00655738
  0.00491803 0.         0.00327869 0.        ]
 [0.02504472 0.01610018 0.77101968 0.0411449  0.01073345 0.00357782
  0.0411449  0.0411449  0.04651163 0.00357782]
 [0.00562852 0.0206379  0.04878049 0.7673546  0.00562852 0.06754221
  0.01688555 0.02626642 0.03377111 0.00750469]
 [0.00559701 0.0261194  0.02238806 0.00559701 0.75       0.01119403
  0.02985075 0.02798507 0.00373134 0.11753731]
 [0.02489627 0.00829876 0.02904564 0.06431535 0.02904564 0.66390041
  0.02282158 0.02074689 0.08921162 0.04771784]
 [0.02626263 0.01616162 0.08282828 0.00606061 0.01414141 0.03838384
  0.78787879 0.00808081 0.01818182 0.0020202 ]
 [0.003663   0.03663004 0.04212454 0.02747253 0.01831502 0.01648352
  0.01831502 0.76739927 0.01098901 0.05860806]
 [0.01730769 0.03846154 0.04423077 0.04038462 0.02115385 0.06538462
  0.01153846 0.02115385 0.69230769 0.04807692]
 [0.00719424 0.01978417 0.01438849 0.01258993 0.07194245 0.01438849
  0.00179856 0.04856115 0.01258993 0.79676259]]

    score:0.7890
    sparsity:1.0000
    train_time:21.5775
    test_time:0.0996
Session is closed.
MNIST classification starts: 589.8696
best model trained: 28.4843
test done: 0.1486
Normalized confusion matrix
[[0.93452381 0.         0.00595238 0.0014881  0.0014881  0.00892857
  0.01785714 0.01339286 0.01636905 0.        ]
 [0.         0.94716981 0.00628931 0.01006289 0.         0.00251572
  0.00880503 0.         0.02515723 0.        ]
 [0.01371742 0.01371742 0.78600823 0.05486968 0.00823045 0.00548697
  0.03155007 0.04526749 0.03703704 0.00411523]
 [0.00712251 0.00997151 0.01994302 0.82621083 0.00712251 0.02564103
  0.01851852 0.03418803 0.04273504 0.00854701]
 [0.00714286 0.01       0.02       0.00714286 0.8        0.
  0.03142857 0.02142857 0.03714286 0.06571429]
 [0.02685624 0.00947867 0.01737757 0.13112164 0.03633491 0.57345972
  0.03633491 0.03159558 0.10742496 0.0300158 ]
 [0.02439024 0.00914634 0.0472561  0.00457317 0.01829268 0.01676829
  0.83689024 0.03353659 0.00762195 0.00152439]
 [0.01544944 0.02668539 0.03792135 0.02247191 0.02247191 0.
  0.01685393 0.81601124 0.00842697 0.03370787]
 [0.01026393 0.00879765 0.02052786 0.06744868 0.01906158 0.02346041
  0.01466276 0.02932551 0.79472141 0.01173021]
 [0.02086231 0.00973574 0.0069541  0.02503477 0.1015299  0.00973574
  0.00278164 0.09179416 0.02781641 0.70375522]]

    score:0.8050
    sparsity:1.0000
    train_time:28.4843
    test_time:0.1486
Session is closed.
MNIST classification starts: 619.6907
best model trained: 37.0339
test done: 0.1867
Normalized confusion matrix
[[0.9478673  0.         0.0035545  0.00473934 0.         0.01066351
  0.02132701 0.00592417 0.00473934 0.00118483]
 [0.         0.95616718 0.01019368 0.00611621 0.00407747 0.00611621
  0.0030581  0.00101937 0.01325178 0.        ]
 [0.00887902 0.01220866 0.81798002 0.05216426 0.01442841 0.00665927
  0.02774695 0.03329634 0.02219756 0.00443951]
 [0.00458716 0.00229358 0.02408257 0.8337156  0.         0.05389908
  0.00688073 0.03211009 0.02752294 0.01490826]
 [0.00466744 0.01050175 0.01983664 0.00583431 0.84130688 0.01283547
  0.02567095 0.01166861 0.01283547 0.05484247]
 [0.0218509  0.00128535 0.01542416 0.06041131 0.01542416 0.781491
  0.02056555 0.02827763 0.02956298 0.02570694]
 [0.02308627 0.00972053 0.02673147 0.0072904  0.0145808  0.02794654
  0.86026731 0.02673147 0.0036452  0.        ]
 [0.0045403  0.02497162 0.04086266 0.01021566 0.01589103 0.00794552
  0.00794552 0.84676504 0.00340522 0.03745743]
 [0.01652893 0.0188902  0.02125148 0.0755608  0.03069658 0.05194805
  0.02479339 0.0283353  0.7107438  0.02125148]
 [0.01927438 0.00793651 0.00680272 0.02040816 0.06575964 0.01814059
  0.00566893 0.06802721 0.01133787 0.77664399]]

    score:0.8391
    sparsity:1.0000
    train_time:37.0339
    test_time:0.1867
Session is closed.
MNIST classification starts: 657.8961
best model trained: 44.0375
test done: 0.2249
Normalized confusion matrix
[[9.37755102e-01 0.00000000e+00 4.08163265e-03 5.10204082e-03
  8.16326531e-03 1.53061224e-02 1.02040816e-02 5.10204082e-03
  1.02040816e-02 4.08163265e-03]
 [0.00000000e+00 9.62995595e-01 4.40528634e-03 2.64317181e-03
  5.28634361e-03 4.40528634e-03 3.52422907e-03 8.81057269e-04
  1.58590308e-02 0.00000000e+00]
 [1.35658915e-02 1.45348837e-02 8.30426357e-01 2.71317829e-02
  1.45348837e-02 6.78294574e-03 2.32558140e-02 2.61627907e-02
  3.77906977e-02 5.81395349e-03]
 [7.92079208e-03 4.95049505e-03 3.46534653e-02 8.03960396e-01
  8.91089109e-03 5.64356436e-02 9.90099010e-03 3.16831683e-02
  2.97029703e-02 1.18811881e-02]
 [4.07331976e-03 7.12830957e-03 7.12830957e-03 2.03665988e-03
  9.07331976e-01 1.01832994e-03 1.52749491e-02 1.01832994e-02
  9.16496945e-03 3.66598778e-02]
 [1.68161435e-02 8.96860987e-03 1.45739910e-02 4.82062780e-02
  3.25112108e-02 7.99327354e-01 1.68161435e-02 1.90582960e-02
  3.25112108e-02 1.12107623e-02]
 [2.81837161e-02 4.17536534e-03 3.44467641e-02 8.35073069e-03
  2.60960334e-02 3.02713987e-02 8.36116910e-01 2.71398747e-02
  5.21920668e-03 0.00000000e+00]
 [1.94552529e-03 2.43190661e-02 2.91828794e-02 3.89105058e-03
  2.43190661e-02 1.94552529e-03 6.80933852e-03 8.47276265e-01
  8.75486381e-03 5.15564202e-02]
 [1.64271047e-02 1.74537988e-02 1.33470226e-02 3.08008214e-02
  2.25872690e-02 4.62012320e-02 8.21355236e-03 1.74537988e-02
  7.96714579e-01 3.08008214e-02]
 [1.48662042e-02 9.91080278e-03 1.09018831e-02 1.58572844e-02
  7.23488603e-02 7.92864222e-03 6.93756194e-03 5.25272547e-02
  1.28840436e-02 7.95837463e-01]]

    score:0.8536
    sparsity:1.0000
    train_time:44.0375
    test_time:0.2249
Session is closed.
MNIST classification starts: 703.1492
best model trained: 53.0968
test done: 0.2490
Normalized confusion matrix
[[9.52040816e-01 0.00000000e+00 6.12244898e-03 2.04081633e-03
  4.08163265e-03 1.22448980e-02 1.02040816e-02 5.10204082e-03
  7.14285714e-03 1.02040816e-03]
 [0.00000000e+00 9.73568282e-01 2.64317181e-03 1.76211454e-03
  3.52422907e-03 1.76211454e-03 3.52422907e-03 8.81057269e-04
  1.23348018e-02 0.00000000e+00]
 [1.93798450e-02 1.06589147e-02 8.33333333e-01 2.71317829e-02
  1.45348837e-02 9.68992248e-03 2.61627907e-02 2.03488372e-02
  3.77906977e-02 9.68992248e-04]
 [2.97029703e-03 5.94059406e-03 2.37623762e-02 8.75247525e-01
  3.96039604e-03 2.37623762e-02 1.18811881e-02 1.38613861e-02
  2.87128713e-02 9.90099010e-03]
 [4.07331976e-03 9.16496945e-03 1.01832994e-02 5.09164969e-03
  8.87983707e-01 6.10997963e-03 1.83299389e-02 7.12830957e-03
  1.42566191e-02 3.76782077e-02]
 [2.35426009e-02 1.00896861e-02 1.79372197e-02 7.39910314e-02
  2.01793722e-02 7.71300448e-01 2.13004484e-02 1.34529148e-02
  3.81165919e-02 1.00896861e-02]
 [1.77453027e-02 4.17536534e-03 2.92275574e-02 1.14822547e-02
  2.40083507e-02 3.86221294e-02 8.52818372e-01 1.04384134e-02
  8.35073069e-03 3.13152401e-03]
 [7.78210117e-03 2.14007782e-02 2.52918288e-02 1.45914397e-02
  1.55642023e-02 9.72762646e-03 5.83657588e-03 8.25875486e-01
  6.80933852e-03 6.71206226e-02]
 [1.33470226e-02 1.54004107e-02 2.36139630e-02 4.72279261e-02
  1.84804928e-02 3.59342916e-02 1.54004107e-02 1.23203285e-02
  7.86447639e-01 3.18275154e-02]
 [1.58572844e-02 6.93756194e-03 6.93756194e-03 1.68483647e-02
  7.43310208e-02 9.91080278e-03 2.97324083e-03 2.37859267e-02
  1.38751239e-02 8.28543112e-01]]

    score:0.8610
    sparsity:1.0000
    train_time:53.0968
    test_time:0.2490
Session is closed.
MNIST classification starts: 757.5183
best model trained: 62.2828
test done: 0.2551
Normalized confusion matrix
[[0.93979592 0.         0.00510204 0.00612245 0.00102041 0.01326531
  0.01632653 0.01020408 0.00714286 0.00102041]
 [0.         0.96651982 0.00352423 0.00176211 0.00176211 0.00352423
  0.00440529 0.00264317 0.01585903 0.        ]
 [0.01647287 0.00968992 0.81492248 0.02810078 0.01356589 0.00872093
  0.02810078 0.03100775 0.04360465 0.00581395]
 [0.00594059 0.00792079 0.01881188 0.83168317 0.0029703  0.04059406
  0.01386139 0.03960396 0.02871287 0.00990099]
 [0.00305499 0.00610998 0.01221996 0.00101833 0.86456212 0.00509165
  0.01527495 0.00814664 0.01221996 0.07230143]
 [0.01121076 0.00896861 0.01008969 0.04820628 0.0190583  0.80269058
  0.0235426  0.02242152 0.04372197 0.01008969]
 [0.01983299 0.00313152 0.03131524 0.00104384 0.01565762 0.0302714
  0.86325678 0.02400835 0.01043841 0.00104384]
 [0.00291829 0.01750973 0.02237354 0.00972763 0.00875486 0.00583658
  0.00583658 0.88424125 0.00680934 0.03599222]
 [0.00718686 0.01334702 0.01437372 0.03696099 0.01129363 0.03696099
  0.01232033 0.02669405 0.81724846 0.02361396]
 [0.0099108  0.00693756 0.00396432 0.01684836 0.06243806 0.01387512
  0.00198216 0.05351833 0.01090188 0.81962339]]

    score:0.8623
    sparsity:1.0000
    train_time:62.2828
    test_time:0.2551
Session is closed.
MNIST classification starts: 821.3155
best model trained: 71.1251
test done: 0.2896
Normalized confusion matrix
[[9.36734694e-01 0.00000000e+00 1.02040816e-02 4.08163265e-03
  1.02040816e-03 2.14285714e-02 1.32653061e-02 4.08163265e-03
  7.14285714e-03 2.04081633e-03]
 [0.00000000e+00 9.56828194e-01 6.16740088e-03 7.92951542e-03
  8.81057269e-04 1.76211454e-03 4.40528634e-03 0.00000000e+00
  2.20264317e-02 0.00000000e+00]
 [1.16279070e-02 1.06589147e-02 8.40116279e-01 4.16666667e-02
  8.72093023e-03 3.87596899e-03 2.03488372e-02 1.74418605e-02
  4.26356589e-02 2.90697674e-03]
 [5.94059406e-03 1.98019802e-03 2.27722772e-02 8.58415842e-01
  2.97029703e-03 4.15841584e-02 1.38613861e-02 1.68316832e-02
  2.57425743e-02 9.90099010e-03]
 [0.00000000e+00 7.12830957e-03 1.42566191e-02 7.12830957e-03
  8.99185336e-01 6.10997963e-03 1.12016293e-02 7.12830957e-03
  1.52749491e-02 3.25865580e-02]
 [7.84753363e-03 4.48430493e-03 1.23318386e-02 4.26008969e-02
  2.13004484e-02 8.12780269e-01 2.69058296e-02 1.68161435e-02
  4.26008969e-02 1.23318386e-02]
 [1.14822547e-02 4.17536534e-03 2.08768267e-02 1.14822547e-02
  1.46137787e-02 2.81837161e-02 8.91440501e-01 7.30688935e-03
  9.39457203e-03 1.04384134e-03]
 [1.94552529e-03 1.84824903e-02 3.21011673e-02 1.65369650e-02
  2.14007782e-02 1.26459144e-02 5.83657588e-03 8.23929961e-01
  1.36186770e-02 5.35019455e-02]
 [9.24024641e-03 1.23203285e-02 1.54004107e-02 3.08008214e-02
  1.33470226e-02 4.00410678e-02 1.33470226e-02 8.21355236e-03
  8.42915811e-01 1.43737166e-02]
 [1.38751239e-02 6.93756194e-03 3.96432111e-03 1.98216056e-02
  5.45094153e-02 1.38751239e-02 2.97324083e-03 2.67591675e-02
  1.18929633e-02 8.45391477e-01]]

    score:0.8721
    sparsity:1.0000
    train_time:71.1251
    test_time:0.2896
Session is closed.
MNIST classification starts: 893.7730
best model trained: 79.7258
test done: 0.2780
Normalized confusion matrix
[[9.53061224e-01 0.00000000e+00 5.10204082e-03 4.08163265e-03
  3.06122449e-03 1.12244898e-02 1.73469388e-02 3.06122449e-03
  3.06122449e-03 0.00000000e+00]
 [0.00000000e+00 9.77092511e-01 1.76211454e-03 1.76211454e-03
  1.76211454e-03 1.76211454e-03 3.52422907e-03 8.81057269e-04
  1.14537445e-02 0.00000000e+00]
 [1.06589147e-02 7.75193798e-03 8.43023256e-01 3.10077519e-02
  1.84108527e-02 3.87596899e-03 2.42248062e-02 1.93798450e-02
  3.77906977e-02 3.87596899e-03]
 [3.96039604e-03 3.96039604e-03 2.17821782e-02 8.62376238e-01
  2.97029703e-03 2.47524752e-02 8.91089109e-03 3.06930693e-02
  2.47524752e-02 1.58415842e-02]
 [3.05498982e-03 7.12830957e-03 1.01832994e-02 4.07331976e-03
  8.79837067e-01 4.07331976e-03 2.03665988e-02 6.10997963e-03
  8.14663951e-03 5.70264766e-02]
 [1.34529148e-02 4.48430493e-03 6.72645740e-03 4.14798206e-02
  2.91479821e-02 8.12780269e-01 2.57847534e-02 1.45739910e-02
  3.36322870e-02 1.79372197e-02]
 [1.77453027e-02 4.17536534e-03 1.77453027e-02 6.26304802e-03
  1.35699374e-02 1.67014614e-02 9.09185804e-01 4.17536534e-03
  1.04384134e-02 0.00000000e+00]
 [9.72762646e-04 1.94552529e-02 2.52918288e-02 1.26459144e-02
  1.26459144e-02 3.89105058e-03 9.72762646e-03 8.74513619e-01
  5.83657588e-03 3.50194553e-02]
 [8.21355236e-03 1.43737166e-02 1.95071869e-02 2.46406571e-02
  8.21355236e-03 3.90143737e-02 1.74537988e-02 1.33470226e-02
  8.31622177e-01 2.36139630e-02]
 [1.58572844e-02 1.09018831e-02 8.91972250e-03 1.48662042e-02
  4.45986125e-02 1.28840436e-02 3.96432111e-03 2.77502478e-02
  7.92864222e-03 8.52329039e-01]]

    score:0.8813
    sparsity:1.0000
    train_time:79.7258
    test_time:0.2780
Session is closed.
MNIST classification starts: 974.8103
best model trained: 88.0627
test done: 0.2960
Normalized confusion matrix
[[9.51020408e-01 0.00000000e+00 8.16326531e-03 4.08163265e-03
  0.00000000e+00 1.22448980e-02 1.32653061e-02 4.08163265e-03
  6.12244898e-03 1.02040816e-03]
 [0.00000000e+00 9.70925110e-01 2.64317181e-03 4.40528634e-03
  0.00000000e+00 3.52422907e-03 4.40528634e-03 8.81057269e-04
  1.32158590e-02 0.00000000e+00]
 [1.55038760e-02 1.93798450e-03 8.39147287e-01 3.39147287e-02
  1.64728682e-02 6.78294574e-03 1.93798450e-02 2.32558140e-02
  3.48837209e-02 8.72093023e-03]
 [3.96039604e-03 4.95049505e-03 2.57425743e-02 8.74257426e-01
  3.96039604e-03 3.16831683e-02 2.97029703e-03 2.17821782e-02
  2.37623762e-02 6.93069307e-03]
 [0.00000000e+00 4.07331976e-03 9.16496945e-03 3.05498982e-03
  8.98167006e-01 8.14663951e-03 1.62932790e-02 7.12830957e-03
  1.01832994e-02 4.37881874e-02]
 [1.00896861e-02 4.48430493e-03 6.72645740e-03 5.49327354e-02
  1.79372197e-02 8.07174888e-01 2.13004484e-02 2.01793722e-02
  4.59641256e-02 1.12107623e-02]
 [1.67014614e-02 5.21920668e-03 1.87891441e-02 4.17536534e-03
  1.35699374e-02 2.19206681e-02 9.03966597e-01 7.30688935e-03
  4.17536534e-03 4.17536534e-03]
 [1.94552529e-03 1.36186770e-02 2.52918288e-02 7.78210117e-03
  8.75486381e-03 7.78210117e-03 1.94552529e-03 8.96887160e-01
  1.94552529e-03 3.40466926e-02]
 [1.54004107e-02 9.24024641e-03 1.12936345e-02 2.77207392e-02
  1.54004107e-02 4.10677618e-02 1.02669405e-02 2.15605749e-02
  8.27515400e-01 2.05338809e-02]
 [9.91080278e-03 6.93756194e-03 4.95540139e-03 1.88305253e-02
  3.86521308e-02 5.94648167e-03 1.98216056e-03 4.65807730e-02
  1.28840436e-02 8.53320119e-01]]

    score:0.8840
    sparsity:1.0000
    train_time:88.0627
    test_time:0.2960
Session is closed.
